##Should be same as Garcia-Munoz
5.30097
0
wl,F_wl,unc,nu,F_nu
1.0332021228356113e-05,-772644.0764650126,0.0,2901585772754929.0,-2.751245568874095e-15
1.0246632623163088e-05,-854036.6695901635,0.0,2925765654194553.0,-2.991011938175625e-15
9.762539743328611e-06,-94868.158390809,0.0,3070844942832299.5,-3.015958747211954e-16
9.322124416561907e-06,-0.0,0.0,3215924231470046.0,-0.0
9.049945601479808e-06,-386602.46194495447,0.0,3312643757228543.5,-1.056174918406303e-15
8.731285545089676e-06,-424511.9439581853,0.0,3433543164426664.5,-1.0795073259604535e-15
8.26561698268489e-06,-124391.04693017348,0.0,3626982215943661.0,-2.834777478313299e-16
8.050925632485285e-06,-17676.538884643745,0.0,3723701741702157.5,-3.8218017948706087e-17
7.897086289189387e-06,-159907.07885877983,0.0,3796241386021031.0,-3.3264481143112443e-16
7.749015921267085e-06,-206320.82184080684,0.0,3868781030339905.0,-4.132524743052866e-16
7.70088538759462e-06,-353725.5604905053,0.0,3892960911779529.0,-6.997244672448738e-16
7.653349058041566e-06,-135948.6536037137,0.0,3917140793219153.0,-2.656178460067392e-16
7.250541212881484e-06,-15031.981310080102,0.0,4134759726175773.0,-2.6359451870932416e-17
7.0445599284246225e-06,-67214.84447728825,0.0,4255659133373895.5,-1.1126337546320511e-16
6.738274714145292e-06,-33498.18901360007,0.0,4449098184890890.0,-5.073387698355248e-17
6.293616991892049e-06,-157874.2400880186,0.0,4763436643606008.0,-2.0858889796166692e-16
6.261831047488554e-06,-824263.6955320097,0.0,4787616525045632.0,-1.078072977022903e-15
6.107598755678491e-06,-328724.93435056414,0.0,4908515932243754.0,-4.090279073581902e-16
5.848313902843084e-06,-269298.4153776418,0.0,5126134865200373.0,-3.0723765723731353e-16
5.740011793531174e-06,-164239.64512798202,0.0,5222854390958871.0,-1.8050235167036948e-16
5.535011372333633e-06,-175365.49334870937,0.0,5416293442475866.0,-1.7920927112034506e-16
5.275925733628654e-06,-123125.31161298577,0.0,5682272138311735.0,-1.1432046621283468e-16
5.019605455071796e-06,-12308.819332451487,0.0,5972430715587228.0,-1.0345103963352003e-17
4.7503545877499375e-06,-151717.24572819468,0.0,6310949055741969.0,-1.1420005262599625e-16
4.6610622082809535e-06,-262984.3682030751,0.0,6431848462940092.0,-1.905807493853286e-16
4.2460361212422384e-06,-81500.90092251165,0.0,7060525380370326.0,-4.901275055152038e-17
3.7457478773496483e-06,-179246.6664862364,0.0,8003540756515678.0,-8.388947353909875e-17
3.679058004162414e-06,-942421.9449862555,0.0,8148620045153425.0,-4.254984255968842e-16
3.2541799144428706e-06,-512205.74857990793,0.0,9212534828496898.0,-1.8092845130256786e-16
3.0388297730459163e-06,-2932433.64459166,0.0,9865391627366756.0,-9.03275511328609e-16
3.031399871400327e-06,-28223792.184987035,0.0,9889571508806380.0,-8.651294944762033e-15
2.8436755674374624e-06,-1369028.9140762468,0.0,1.054242830767624e+16,-3.6927678903345325e-16
2.749096557433999e-06,-5357954.158977175,0.0,1.0905126529270606e+16,-1.3506980679038962e-15
2.561658155790772e-06,-253549.9640594449,0.0,1.1703062616778212e+16,-5.5499005226389216e-17
2.2501679626183913e-06,-2928663.6304955995,0.0,1.3323114673233048e+16,-4.946279632244364e-16
1.7511900387044264e-06,-2842811.138563681,0.0,1.7119356059254074e+16,-2.9079963817211603e-16
1.2498412776237235e-06,-264686.0036393689,0.0,2.398644238810741e+16,-1.3791769850862347e-17
7.500559875394638e-07,-1400101.2312347728,0.0,3.9969344019699144e+16,-2.6273994167415947e-17
