#v 1298 tau spectrum from Duvvuri et al. 2023 Figure 1
315.54201
501
wl,F_wl,unc,nu,F_nu
6.214750000000001e-08,2428459288.22141,0.0,4.8238860452954656e+17,3.128653376087287e-16
6.24606e-08,2460235462.9028788,0.0,4.7997050620711296e+17,3.20160887318943e-16
6.277680000000001e-08,2466728167.1288533,0.0,4.775529463113761e+17,3.24264151228263e-16
6.30963e-08,2473220871.3550987,0.0,4.751347670148646e+17,3.284354185354756e-16
6.3419e-08,2463232095.622596,0.0,4.7271710055346195e+17,3.304634338156806e-16
6.37451e-08,2468725922.2753887,0.0,4.7029882767459776e+17,3.346152946333123e-16
6.40745e-08,2473720310.141661,0.0,4.678810728136779e+17,3.3876641142799876e-16
6.44074e-08,2477715820.434618,0.0,4.654627542797878e+17,3.4284855762516235e-16
6.474370000000001e-08,2496694494.326222,0.0,4.630449881610102e+17,3.4909186680604195e-16
6.50836e-08,2499691127.0460935,0.0,4.6062672931429734e+17,3.531903102505594e-16
6.542700000000001e-08,2502687759.7656765,0.0,4.5820908493435424e+17,3.573550971422746e-16
6.577410000000001e-08,2919719146.595634,0.0,4.557910454114917e+17,4.213375867152436e-16
6.61249e-08,2520667556.0842233,0.0,4.53373022870356e+17,3.676418350259367e-16
6.64795e-08,15412680955.172821,0.0,4.5095474243939866e+17,2.272128945837853e-15
6.68378e-08,5154208277.945033,0.0,4.4853729177202125e+17,7.680430331191548e-16
6.72001e-08,3058063690.490094,0.0,4.4611906529901e+17,4.606442579842809e-16
6.75663e-08,8655274172.169306,0.0,4.43701161673793e+17,1.3180151458088557e-15
6.793650000000001e-08,2562620414.160422,0.0,4.4128334253310074e+17,3.945208100701209e-16
6.83109e-08,2574606945.0393853,0.0,4.3886474632891674e+17,4.007469705258088e-16
6.86893e-08,2585594598.3451095,0.0,4.364471002033795e+17,4.069283149351796e-16
6.9072e-08,2582597965.6253924,0.0,4.3402892344220525e+17,4.109984313186691e-16
6.945890000000001e-08,2592586741.357806,0.0,4.316112953127676e+17,4.172231476908032e-16
6.98503e-08,2601576639.517085,0.0,4.291927994582701e+17,4.23401578434283e-16
7.0246e-08,2610067098.8895717,0.0,4.2677513025652704e+17,4.296097884578943e-16
7.06463e-08,2605572149.8100376,0.0,4.2435691324244864e+17,4.3377172852126365e-16
7.10511e-08,3937575393.7324114,0.0,4.219392212083979e+17,6.630553619935739e-16
7.14606e-08,2716447560.440245,0.0,4.195213278365981e+17,4.62715384551807e-16
7.187490000000001e-08,2625050262.4882345,0.0,4.171031305782686e+17,4.523467010418688e-16
7.2294e-08,2843305012.2423964,0.0,4.146851163305392e+17,4.956866896356317e-16
7.2718e-08,2635039038.220699,0.0,4.1226719381721165e+17,4.64782965161884e-16
7.3147e-08,2904735982.9969816,0.0,4.0984928705210054e+17,5.184167196593669e-16
7.35811e-08,2653518273.325792,0.0,4.0743133494878445e+17,4.792188932791727e-16
7.40204e-08,2656015467.2588496,0.0,4.050132909306083e+17,4.854145078571525e-16
7.4465e-08,2658013222.405415,0.0,4.02595122540791e+17,4.916327683189084e-16
7.49149e-08,3376206197.5685925,0.0,4.001773452277184e+17,6.320401509143507e-16
7.53703e-08,2670499192.0709677,0.0,3.977594065566941e+17,5.060253055950238e-16
7.58313e-08,2691975059.8956776,0.0,3.953413142066666e+17,5.163537455454352e-16
7.6298e-08,2680487967.803449,0.0,3.9292308841647226e+17,5.204984817555296e-16
7.67704e-08,2689477865.9625673,0.0,3.9050527026041286e+17,5.287311267871092e-16
7.72487e-08,2687480110.816112,0.0,3.880873827002914e+17,5.349422683930113e-16
7.7733e-08,2694971692.6154585,0.0,3.856694814300233e+17,5.431807406832304e-16
7.82235e-08,2701963835.628178,0.0,3.8325114319865517e+17,5.514845078667007e-16
7.872010000000001e-08,3807221870.423862,0.0,3.8083343135997024e+17,7.869710526507515e-16
7.92231e-08,2693473376.255646,0.0,3.784154596323547e+17,5.638916307535395e-16
7.97326e-08,2697968325.335177,0.0,3.759973436210534e+17,5.721211411361004e-16
8.02487e-08,2701963835.628131,0.0,3.73579208136705e+17,5.80409938598152e-16
8.07715e-08,3445628188.9091682,0.0,3.711611868047517e+17,7.498320599100798e-16
8.13011e-08,2707457662.281058,0.0,3.687434216757215e+17,5.969443065494325e-16
8.183780000000001e-08,2708955978.6408463,0.0,3.663251675875939e+17,6.051863677529151e-16
8.238149999999999e-08,2709954856.214169,0.0,3.63907501077305e+17,6.134804732694488e-16
8.29326e-08,3430145586.523894,0.0,3.6148927924603834e+17,7.869414342308439e-16
8.3491e-08,2851296032.828282,0.0,3.590715861589872e+17,6.629807711141495e-16
8.405709999999999e-08,10168573695.63587,0.0,3.5665334397689197e+17,2.3965590970228324e-15
8.463089999999999e-08,4547390152.198583,0.0,3.542352237776037e+17,1.0864242045938373e-15
8.521250000000001e-08,2711952611.3605824,0.0,3.5181746574739616e+17,6.568527273216366e-16
8.580220000000001e-08,2750409397.9305553,0.0,3.493995002459144e+17,6.754193325320207e-16
8.64001e-08,2712452050.1472907,0.0,3.469816099749885e+17,6.754136866066881e-16
8.700649999999999e-08,2715948121.653596,0.0,3.445632889496762e+17,6.858105544760055e-16
8.76213e-08,4451997343.953703,0.0,3.42145640386527e+17,1.1401279128767515e-15
8.824500000000001e-08,2719444193.159925,0.0,3.3972741571760435e+17,7.063820631564125e-16
8.88776e-08,2719943631.9465866,0.0,3.373093535378993e+17,7.166776124265834e-16
8.951930000000001e-08,4427524843.409164,0.0,3.348914234137219e+17,1.183514706570888e-15
9.017030000000001e-08,2855790981.907902,0.0,3.3247361714444774e+17,7.745201913692069e-16
9.083090000000001e-08,2724438581.0261917,0.0,3.300555846083216e+17,7.497622214239994e-16
9.150130000000001e-08,6492704226.093596,0.0,3.2763737564384326e+17,1.8132573429255576e-15
9.218159999999999e-08,4255717900.8110466,0.0,3.252194125508779e+17,1.2062591287782725e-15
9.28721e-08,4931958017.897934,0.0,3.2280142044812166e+17,1.418956885623841e-15
9.3573e-08,2694472253.828861,0.0,3.2038350592585466e+17,7.869626480268233e-16
9.428459999999999e-08,2681986284.163256,0.0,3.179654556523547e+17,7.952750825998298e-16
9.5007e-08,7406677205.612892,0.0,3.155477575336554e+17,2.230046528530981e-15
9.574070000000001e-08,2979152362.2036877,0.0,3.131295864768066e+17,9.10888478387721e-16
9.648580000000001e-08,3245852674.260146,0.0,3.10711480860396e+17,1.0079405211899532e-15
9.724249999999999e-08,3261335276.6454835,0.0,3.0829365555184205e+17,1.0286958227262925e-15
9.801119999999999e-08,6252973608.51472,0.0,3.05875714204091e+17,2.003628985496819e-15
9.87922e-08,2772384704.5419407,0.0,3.0345761912377696e+17,9.02564203195477e-16
9.95857e-08,2672496947.2174277,0.0,3.010396653334766e+17,8.840777807193327e-16
1.0039199999999999e-07,2789365623.287127,0.0,2.9862186030759424e+17,9.377411063094893e-16
1.01212e-07,2962171443.4584975,0.0,2.962024838951903e+17,1.0121700945674944e-15
1.02045e-07,4156829021.0597625,0.0,2.937845636728894e+17,1.4438594463606506e-15
1.0289099999999999e-07,7017114952.047328,0.0,2.9136898076605344e+17,2.4779507160743708e-15
1.03752e-07,3261834715.4320436,0.0,2.8895101588403117e+17,1.171208463691054e-15
1.04628e-07,2653018834.5391545,0.0,2.865317677868257e+17,9.687583920072592e-16
1.05518e-07,2641531742.446836,0.0,2.841149927026668e+17,9.810434280432432e-16
1.06424e-07,3340246604.931852,0.0,2.8169628843118093e+17,1.2619349962437032e-15
1.07346e-07,2783372357.8476486,0.0,2.7927678534831293e+17,1.0698486404907287e-15
1.08283e-07,10298427780.157602,0.0,2.7686013316956493e+17,4.027826767806355e-15
1.09237e-07,2620555313.4086866,0.0,2.744422292812875e+17,1.043066883403804e-15
1.10208e-07,5353983792.594021,0.0,2.7202422510162602e+17,2.169115069048587e-15
1.11197e-07,2619056997.0488386,0.0,2.6960480768366054e+17,1.0802154583332003e-15
1.12203e-07,2597081690.4374175,0.0,2.6718756004741405e+17,1.0906209737475756e-15
1.1322800000000001e-07,10867787996.907356,0.0,2.6476883633023632e+17,4.647593411556268e-15
1.1427099999999999e-07,3452120893.135306,0.0,2.6235217859299386e+17,1.5036174225617771e-15
1.15334e-07,3160948080.534304,0.0,2.5993415471586867e+17,1.402527445147966e-15
1.16417e-07,2567614802.0266943,0.0,2.5751604834345498e+17,1.1607587734061268e-15
1.1752100000000001e-07,4976907508.694002,0.0,2.5509692565584022e+17,2.292819271833656e-15
1.18645e-07,9589224703.153572,0.0,2.5268022925534157e+17,4.5025824468283155e-15
1.1979100000000002e-07,5953310336.54115,0.0,2.5026292292409277e+17,2.8496150775834556e-15
1.2096e-07,9439393067.166933,0.0,2.478442939814815e+17,4.606880259627138e-15
1.22152e-07,5853422579.216613,0.0,2.4542574661078003e+17,2.913334418945033e-15
1.23367e-07,17944835603.34949,0.0,2.430086311574408e+17,9.109966684451368e-15
1.24607e-07,4067928917.040875,0.0,2.4059038256277738e+17,2.106868999360141e-15
1.25872e-07,2896245523.62434,0.0,2.381724752129147e+17,1.5306395763143802e-15
1.27163e-07,3048074914.7576222,0.0,2.3575447103324077e+17,1.6440933174525994e-15
1.28481e-07,21420929558.24277,0.0,2.3333602478187437e+17,1.1794931593376403e-14
1.29826e-07,5219135320.205983,0.0,2.3091865882026714e+17,2.9342776609855855e-15
1.3119999999999998e-07,3575981712.2176814,0.0,2.285003490853659e+17,2.053252008239524e-15
1.32603e-07,7396688429.880363,0.0,2.2608271155252896e+17,4.338337368355287e-15
1.34037e-07,3653394724.1442156,0.0,2.236639569671061e+17,2.1894008998156825e-15
1.3550200000000002e-07,18244498875.322605,0.0,2.21245780874083e+17,1.1173845109439357e-14
1.36999e-07,8840066523.219786,0.0,2.1882820896502896e+17,5.5343882735343815e-15
1.3853e-07,5259090423.135737,0.0,2.164097726124305e+17,3.366492129825132e-15
1.4009499999999998e-07,2836312869.229676,0.0,2.1399226096577325e+17,1.8568580453397126e-15
1.41696e-07,7526542514.402309,0.0,2.1157439730126467e+17,5.04069009163792e-15
1.43334e-07,12505947217.029282,0.0,2.0915655601601853e+17,8.57026656275786e-15
1.45011e-07,5418910834.855021,0.0,2.06737735757977e+17,3.800959104984497e-15
1.4672700000000001e-07,4659763879.188691,0.0,2.043198988597872e+17,3.3462877503228967e-15
1.48484e-07,2654017712.1124134,0.0,2.0190219686969642e+17,1.951831986353424e-15
1.50284e-07,12421042623.30356,0.0,1.9948394905645312e+17,9.35756474859182e-15
1.52128e-07,14368853891.13168,0.0,1.9706593000631046e+17,1.1092252246139567e-14
1.54018e-07,8485464984.717665,0.0,1.9464767624563363e+17,6.714256091950454e-15
1.55955e-07,2171559844.234982,0.0,1.922301035555128e+17,1.761772007836773e-15
1.57942e-07,15512568712.4974,0.0,1.898117397525674e+17,1.2907979932026963e-14
1.5998e-07,3459612474.934597,0.0,1.8739371046380797e+17,2.9535078971977043e-15
1.62071e-07,3889629270.2167077,0.0,1.849760031097482e+17,3.407988576114229e-15
1.6421700000000002e-07,2073669842.0569422,0.0,1.8255872290932118e+17,1.865327687585822e-15
1.66422e-07,2705459907.1345134,0.0,1.801399202028578e+17,2.499435151065406e-15
1.68686e-07,3612440743.6411605,0.0,1.7772219271308822e+17,3.4287680676189202e-15
1.71013e-07,4827575311.493843,0.0,1.7530389970353133e+17,4.709411131986736e-15
1.7340399999999998e-07,1987266931.9712691,0.0,1.7288670272888746e+17,1.9932130674730428e-15
1.7586400000000002e-07,2022227647.0348206,0.0,1.7046834940635946e+17,2.0862350351640376e-15
1.78395e-07,1939820247.2421174,0.0,1.6804980969197568e+17,2.059236089829869e-15
1.8099900000000002e-07,1908855042.4715006,0.0,1.6563210735970915e+17,2.0859533778795838e-15
1.8368e-07,1890375807.3664703,0.0,1.632145350609756e+17,2.127409964849963e-15
1.8644200000000002e-07,1977278156.2387958,0.0,1.6079663273296787e+17,2.292633171104275e-15
1.89289e-07,7221884854.56253,0.0,1.5837817200154262e+17,8.631387425168485e-15
1.9222400000000001e-07,1826447642.678779,0.0,1.559599519310804e+17,2.2511360597330337e-15
1.9525099999999998e-07,1818956060.8794506,0.0,1.5354208582798554e+17,2.3130660751909697e-15
1.98375e-07,1888378052.2199688,0.0,1.5112411241335853e+17,2.4788036146376278e-15
2.016e-07,1782497029.4559996,0.0,1.487065763888889e+17,2.4165131755745248e-15
2.0493300000000003e-07,1725061568.9943922,0.0,1.462880346259509e+17,2.416616255886279e-15
2.0837700000000001e-07,1740044732.5930812,0.0,1.4387022464091525e+17,2.520224752192629e-15
2.11939e-07,1668125547.3194163,0.0,1.4145223767216038e+17,2.4993656246903696e-15
2.15625e-07,1811464479.080108,0.0,1.3903418342028986e+17,2.809359674670098e-15
2.1944099999999999e-07,1710078405.39572,0.0,1.3661642901736686e+17,2.7468242147563264e-15
2.2339500000000002e-07,1588215341.4598033,0.0,1.3419837418026365e+17,2.6438425083214802e-15
2.27494e-07,1591211974.1795502,0.0,1.3178038014189384e+17,2.7469277024715705e-15
2.3174600000000002e-07,1521789982.839005,0.0,1.2936251672089269e+17,2.7262050113319284e-15
2.3616e-07,1532278197.3580816,0.0,1.2694463838075882e+17,2.8505561456066398e-15
2.4074600000000003e-07,1484831512.6289241,0.0,1.245264544374569e+17,2.8706129067450493e-15
2.45513e-07,1643653046.7749264,0.0,1.2210858813993555e+17,3.3047486390588737e-15
2.50473e-07,1411414010.995408,0.0,1.1969052871966238e+17,2.953626367580558e-15
2.5563800000000003e-07,1373956101.9987214,0.0,1.1727225921028954e+17,2.9950424112911742e-15
2.61019e-07,1344988652.3746152,0.0,1.1485464966151888e+17,3.0566249959298953e-15
2.66633e-07,1306531865.80468,0.0,1.1243636684131373e+17,3.098325931028713e-15
2.72493e-07,1292547579.7792392,0.0,1.1001840707834696e+17,3.2013749063460465e-15
2.78616e-07,1244601456.263472,0.0,1.0760058934160278e+17,3.222713569322707e-15
2.8502099999999997e-07,1250095282.9163234,0.0,1.0518258584455182e+17,3.3874752628602444e-15
2.91728e-07,1171683393.4165747,0.0,1.0276437571984864e+17,3.3261804063935976e-15
2.98757e-07,1193159261.2413461,0.0,1.0034658869917693e+17,3.5523348230531794e-15
3.06134e-07,1103260279.6492789,0.0,9.792850777763986e+16,3.4488984884467956e-15
3.13884e-07,1087278238.4773629,0.0,9.551058926227523e+16,3.573208428952988e-15
3.2203699999999996e-07,1104758596.0091527,0.0,9.309255085595755e+16,3.821714419808826e-15
3.30625e-07,1025347828.9361565,0.0,9.067446744801512e+16,3.738710967741533e-15
3.39683e-07,1105757473.5823946,0.0,8.825653859627947e+16,4.255854828128537e-15
3.49251e-07,933950530.9842288,0.0,8.583868278115166e+16,3.799955292049236e-15
3.5937399999999997e-07,901487009.8537594,0.0,8.342074217945651e+16,3.883578402865938e-15
3.7010199999999996e-07,872519560.2296515,0.0,8.100265818612168e+16,3.986551077597119e-15
3.8149e-07,834062773.65971,0.0,7.858461768329445e+16,4.048968066572182e-15
3.9360100000000006e-07,799601497.382751,0.0,7.616658951577866e+16,4.1320472791570905e-15
4.06506e-07,794607109.5165273,0.0,7.374859362469435e+16,4.379914813086907e-15
4.2028500000000003e-07,729180628.4689692,0.0,7.1330753655257736e+16,4.296375192069648e-15
4.35032e-07,726183995.7492344,0.0,6.891273699406021e+16,4.584250892052226e-15
4.50852e-07,676240117.086976,0.0,6.6494649685484376e+16,4.585093849068775e-15
4.67865e-07,636285014.1571676,0.0,6.4076701185170936e+16,4.64592406666431e-15
4.86213e-07,594831594.8674933,0.0,6.165866770324939e+16,4.690579037926033e-15
5.06058e-07,565864145.2433867,0.0,5.924073090436274e+16,4.833837686369414e-15
5.27592e-07,529405113.81993556,0.0,5.682278313545315e+16,4.915456220169178e-15
5.510410000000001e-07,497590863.11207765,0.0,5.440474628929607e+16,5.039872171117703e-15
5.76671e-07,465526893.01090926,0.0,5.198674079327728e+16,5.163929394746934e-15
6.04801e-07,431664943.27789634,0.0,4.956877683733988e+16,5.266851554883465e-15
6.35816e-07,410488738.72510004,0.0,4.71508200485675e+16,5.53532913388147e-15
6.701850000000001e-07,372231727.66980976,0.0,4.473279139342122e+16,5.57676175882643e-15
7.084810000000001e-07,339268767.7527194,0.0,4.231481973405073e+16,5.680408834467805e-15
7.514190000000001e-07,309252496.67670244,0.0,3.989684290655413e+16,5.824475945241691e-15
7.99898e-07,280634654.2032289,0.0,3.7478835801564696e+16,5.989489636668026e-15
8.55063e-07,252366418.8803901,0.0,3.5060861948183936e+16,6.154702857734515e-15
9.184010000000001e-07,226845096.88397655,0.0,3.264287146899883e+16,6.382243793141727e-15
9.91874e-07,458834413.2701663,0.0,3.0224852955113252e+16,1.5057341238477088e-14
1.01e-06,67624011.70869702,0.0,2.9682421584158412e+16,2.3010336819094307e-15
1.02e-06,695218790.9786401,0.0,2.939141745098039e+16,2.41268788067436e-14
1.03e-06,44300220.373422466,0.0,2.9106063883495144e+16,1.567687996812912e-15
1.04e-06,317493236.6559781,0.0,2.8826197884615384e+16,1.145461387047655e-14
1.0500000000000001e-06,55837256.34440397,0.0,2.8551662666666664e+16,2.05343975396824e-15
1.06e-06,67324348.43672463,0.0,2.8282307358490564e+16,2.523266876296928e-15
1.07e-06,33961837.49033587,0.0,2.8017986728971964e+16,1.2969941939862118e-15
1.08e-06,946935939.4364034,0.0,2.7758560925925924e+16,3.684235711355424e-14
1.09e-06,28732713.39439739,0.0,2.75038952293578e+16,1.1386989856790707e-15
1.1e-06,166363059.82397997,0.0,2.7253859818181816e+16,6.714621966474413e-15
1.11e-06,63778333.05170427,0.0,2.700832954954955e+16,2.621189494800594e-15
1.12e-06,207816479.11365375,0.0,2.676718375e+16,8.695515328813487e-15
1.13e-06,61630746.26922715,0.0,2.6530306017699116e+16,2.6250260075313883e-15
1.14e-06,253465184.21095714,0.0,2.6297584035087716e+16,1.0987713153229491e-14
1.15e-06,22764419.894257482,0.0,2.6068909391304348e+16,1.0042262407467076e-15
1.1600000000000001e-06,62529736.08514648,0.0,2.58441774137931e+16,2.8066087265001546e-15
1.17e-06,1483333196.2690814,0.0,2.562328700854701e+16,6.773135074574643e-14
1.18e-06,127107171.1954482,0.0,2.5406140508474576e+16,5.903551622120596e-15
1.19e-06,430965728.9766206,0.0,2.5192643529411764e+16,2.0357102139100262e-14
1.2e-06,226695265.24799192,0.0,2.4982704833333336e+16,1.0888905749493816e-14
1.21e-06,39810265.6816855,0.0,2.4776236198347108e+16,1.9442186896027834e-15
1.22e-06,720690169.096392,0.0,2.457315229508197e+16,3.5780594843485686e-14
1.23e-06,22864307.65158151,0.0,2.437337056910569e+16,1.153845272721226e-15
1.24e-06,56186863.495040946,0.0,2.417681112903226e+16,2.881757662828695e-15
1.25e-06,18439280.002105497,0.0,2.398339664e+16,9.610440234387033e-16
1.26e-06,8914982.341213165,0.0,2.3793052222222224e+16,4.721074725939243e-16
1.2700000000000001e-06,12236250.272253104,0.0,2.3605705354330708e+16,6.5831703024754e-16
1.28e-06,13295060.499893246,0.0,2.342128578125e+16,7.2659023073305915e-16
1.29e-06,1503310747.7339845,0.0,2.323972542635659e+16,8.34463759359858e-14
1.3e-06,9828955.32073229,0.0,2.3060958307692308e+16,5.540811334232288e-16
1.31e-06,29282096.05968223,0.0,2.2884920458015268e+16,1.6761931031640787e-15
1.32e-06,26615092.93911706,0.0,2.271154984848485e+16,1.5468747361588919e-15
1.33e-06,3674371153.182367,0.0,2.2540786315789476e+16,2.1680315696481893e-13
1.34e-06,10942703.814900633,0.0,2.237257149253731e+16,6.554107165042684e-16
1.35e-06,7416665.981345407,0.0,2.220684874074074e+16,4.508743762660634e-16
1.3600000000000001e-06,1038333237.3883348,0.0,2.2043563088235292e+16,6.406102303859372e-14
1.37e-06,15972052.396190306,0.0,2.1882661167883212e+16,9.999566147327692e-16
1.3800000000000001e-06,22644554.585467584,0.0,2.172409115942029e+16,1.438471469237711e-15
1.39e-06,7196912.915231467,0.0,2.1567802733812948e+16,4.63826059410698e-16
1.4e-06,20037484.11929816,0.0,2.1413747e+16,1.310021911019002e-15
1.41e-06,43311331.575909756,0.0,2.1261876453900708e+16,2.872228970685653e-15
1.42e-06,141640839.88616544,0.0,2.1112144929577464e+16,9.526743649650584e-15
1.43e-06,11811727.303623915,0.0,2.096450755244755e+16,8.056840830592391e-16
1.44e-06,17874914.173222363,0.0,2.0818920694444444e+16,1.236369396243914e-15
1.45e-06,15902130.96606281,0.0,2.067534193103448e+16,1.1152458797394786e-15
1.46e-06,20751681.58416846,0.0,2.053373e+16,1.4754969074243186e-15
1.4700000000000001e-06,24097921.454539277,0.0,2.039404476190476e+16,1.736974933209091e-15
1.48e-06,24482489.320239175,0.0,2.025624716216216e+16,1.7887856474045084e-15
1.4900000000000001e-06,26260491.40061503,0.0,2.012029919463087e+16,1.944709261448646e-15
1.5e-06,71769353.63766566,0.0,1.9986163866666668e+16,5.386427889548434e-15
1.51e-06,13579740.60826812,0.0,1.9853805165562916e+16,1.0328200638360334e-15
1.52e-06,31234901.71537588,0.0,1.9723188026315788e+16,2.4071691931357542e-15
1.53e-06,6717451.680073785,0.0,1.9594278300653596e+16,5.245256249203148e-16
1.54e-06,16007013.111253548,0.0,1.946704272727273e+16,1.2662837667066633e-15
1.55e-06,12316160.478112979,0.0,1.934144890322581e+16,9.870019995188283e-16
1.56e-06,54338939.98453623,0.0,1.9217465256410256e+16,4.411026389008338e-15
1.57e-06,12226261.496520912,0.0,1.909506101910828e+16,1.0052458345291126e-15
1.5800000000000001e-06,17105778.441823218,0.0,1.8974206202531644e+16,1.424414262688606e-15
1.59e-06,7796239.459178572,0.0,1.8854871572327044e+16,6.574439233140864e-16
1.6e-06,9114757.8558622,0.0,1.8737028625e+16,7.783311250280762e-16
1.61e-06,5833445.027751683,0.0,1.862064956521739e+16,5.043780272963084e-16
1.62e-06,14518685.527118582,0.0,1.8505707283950616e+16,1.2709738781143723e-15
1.63e-06,38771433.00551055,0.0,1.839217533742331e+16,3.436104465054321e-15
1.64e-06,24877045.961671025,0.0,1.8280027926829268e+16,2.2318541054995582e-15
1.65e-06,37542813.59041902,0.0,1.8169239878787876e+16,3.4093689575044537e-15
1.66e-06,29162230.75089281,0.0,1.8059786626506024e+16,2.6805024913989076e-15
1.67e-06,57884955.36955653,0.0,1.7951644191616766e+16,5.384903713293422e-15
1.68e-06,114721089.28720807,0.0,1.7844789166666666e+16,1.0800431890925558e-14
1.6900000000000001e-06,94443874.55032907,0.0,1.773919869822485e+16,8.997596267188112e-15
1.7e-06,27404206.22198131,0.0,1.7634850470588234e+16,2.6417661241339832e-15
1.71e-06,195879892.11337838,0.0,1.753172269005848e+16,1.9105630486832647e-14
1.72e-06,33821994.63008083,0.0,1.7429794069767442e+16,3.337608610341729e-15
1.73e-06,45388996.92826065,0.0,1.7329043815028902e+16,4.5312924085165375e-15
1.74e-06,25006900.046192363,0.0,1.7229451609195402e+16,2.5254434712914628e-15
1.75e-06,135198079.53873408,0.0,1.71309976e+16,1.3811025178871348e-14
1.76e-06,13345004.37855522,0.0,1.7033662386363636e+16,1.378870096959299e-15
1.77e-06,93444996.97708589,0.0,1.6937427005649718e+16,9.7652166763152e-15
1.7800000000000001e-06,21635688.236489978,0.0,1.6842272921348314e+16,2.286599038075029e-15
1.79e-06,18489223.880768143,0.0,1.6748182011173184e+16,1.976077805011666e-15
1.8000000000000001e-06,127207058.95277004,0.0,1.6655136555555554e+16,1.3747873237257188e-14
1.81e-06,34720984.44600219,0.0,1.6563119226519336e+16,3.794272140880468e-15
1.82e-06,39735349.86369296,0.0,1.6472113076923078e+16,4.390349702809954e-15
1.83e-06,22409818.35575497,0.0,1.6382101530054644e+16,2.5033398502502636e-15
1.84e-06,31115036.406587124,0.0,1.6293068369565218e+16,3.513866491536e-15
1.85e-06,115170584.19516595,0.0,1.620499772972973e+16,1.3148140117919693e-14
1.86e-06,14109145.722088065,0.0,1.6117874086021506e+16,1.628193079498213e-15
1.87e-06,127606609.98206808,0.0,1.6031682245989304e+16,1.4884549045136214e-14
1.88e-06,101436017.56304727,0.0,1.5946407340425532e+16,1.1958788518783694e-14
1.8900000000000001e-06,35300333.43848365,0.0,1.5862034814814814e+16,4.206120524740067e-15
1.9e-06,32133891.531297196,0.0,1.5778550421052632e+16,3.869455195833609e-15
1.91e-06,28547921.04334703,0.0,1.5695940209424084e+16,3.4739256435275063e-15
1.9200000000000003e-06,1009865226.5508267,0.0,1.5614190520833332e+16,1.2417814630803582e-13
1.93e-06,197478096.2305706,0.0,1.553328797927461e+16,2.453651321172505e-14
1.94e-06,63778333.05170427,0.0,1.5453219484536082e+16,8.006743594376687e-15
1.95e-06,94343986.79300655,0.0,1.5373972205128206e+16,1.1966378746606341e-14
1.96e-06,39565540.676241286,0.0,1.5295533571428572e+16,5.070006833255576e-15
1.97e-06,61331082.997251,0.0,1.5217891269035532e+16,7.939485922758986e-15
1.98e-06,7641413.4353255695,0.0,1.5141033232323232e+16,9.992712102133791e-16
1.99e-06,21410940.78251027,0.0,1.5064947638190954e+16,2.828272170636758e-15
2e-06,22529683.664544865,0.0,1.49896229e+16,3.006037418665798e-15
2.0100000000000002e-06,45653699.48516868,0.0,1.491504766169154e+16,6.152440008681941e-15
2.02e-06,42352409.10559531,0.0,1.4841210792079206e+16,5.7644802430110214e-15
2.03e-06,20746687.196302235,0.0,1.4768101379310344e+16,2.85180700800825e-15
2.04e-06,104832201.31208085,0.0,1.4695708725490196e+16,1.4552390406711153e-14
2.05e-06,50593149.08486799,0.0,1.4624022341463416e+16,7.092163373541496e-15
2.06e-06,18773903.989142224,0.0,1.4553031941747572e+16,2.657469754236578e-15
2.07e-06,31159985.897383157,0.0,1.4482727439613526e+16,4.453661858688156e-15
2.08e-06,21630693.84862421,0.0,1.4413098942307692e+16,3.121594001763973e-15
2.09e-06,39810265.68168634,0.0,1.4344136746411484e+16,5.800520222699334e-15
2.1000000000000002e-06,25151737.29431238,0.0,1.4275831333333332e+16,3.699864973518367e-15
2.11e-06,71269914.85104306,0.0,1.420817336492891e+16,1.0584015022430244e-14
2.12e-06,15697361.063547885,0.0,1.4141153679245282e+16,2.353302015489983e-15
2.13e-06,8760156.317360163,0.0,1.4074763286384976e+16,1.3257155787498604e-15
2.14e-06,27024632.74414814,0.0,1.4008993364485982e+16,4.128256225681995e-15
2.15e-06,47906168.41283645,0.0,1.3943835255813952e+16,7.386652251549855e-15
2.16e-06,12321154.865979204,0.0,1.3879280462962962e+16,1.9175125527244777e-15
2.17e-06,55587536.95109384,0.0,1.381532064516129e+16,8.731245425427138e-15
2.18e-06,45558806.115712315,0.0,1.37519476146789e+16,7.222118649306088e-15
2.19e-06,104482594.16144063,0.0,1.3689153333333332e+16,1.671519601262569e-14
2.2e-06,46203082.15045545,0.0,1.3626929909090908e+16,7.45925761775516e-15
2.21e-06,49534338.85722811,0.0,1.356526959276018e+16,8.069938317547262e-15
2.22e-06,30715485.377289053,0.0,1.3504164774774776e+16,5.049433169310463e-15
2.2300000000000002e-06,39555551.90050715,0.0,1.3443607982062778e+16,6.561399354683969e-15
2.24e-06,27873678.681406543,0.0,1.3383591875e+16,4.665193083403902e-15
2.25e-06,36214306.41800372,0.0,1.3324109244444444e+16,6.115394878984709e-15
2.26e-06,11117507.39021877,0.0,1.3265153008849558e+16,1.89410304465636e-15
2.27e-06,46927268.3910582,0.0,1.3206716211453746e+16,8.065964130834932e-15
2.28e-06,24462511.76877324,0.0,1.3148792017543858e+16,4.241798543804288e-15
2.29e-06,8280695.08220248,0.0,1.3091373711790392e+16,1.4484951813089984e-15
2.3e-06,5094275.623550381,0.0,1.3034454695652174e+16,8.989124752625203e-16
2.31e-06,30236024.142131373,0.0,1.2978028484848486e+16,5.3818047825882e-15
2.3200000000000002e-06,33622219.115431085,0.0,1.292208870689655e+16,6.036450462235988e-15
2.33e-06,37123285.00965684,0.0,1.2866629098712446e+16,6.72260414199366e-15
2.34e-06,81758129.37011737,0.0,1.2811643504273504e+16,1.4932824400105977e-14
2.35e-06,22559649.991742224,0.0,1.2757125872340426e+16,4.155730531399706e-15
2.36e-06,11297305.353402901,0.0,1.2703070254237288e+16,2.0988343841629525e-15
2.37e-06,37268122.257775806,0.0,1.2649470801687762e+16,6.982541098805794e-15
2.38e-06,37577774.305483386,0.0,1.2596321764705882e+16,7.100096720110955e-15
2.39e-06,69421991.34053949,0.0,1.254361748953975e+16,1.3227329312477087e-14
2.4e-06,21600727.521426853,0.0,1.2491352416666668e+16,4.150210827632584e-15
2.4100000000000002e-06,24532433.198900398,0.0,1.2439521078838174e+16,4.752848894635415e-15
2.42e-06,28767674.10946097,0.0,1.2388118099173554e+16,5.619721315826005e-15
2.43e-06,70071261.76314886,0.0,1.2337138189300412e+16,1.380167454330081e-14
2.44e-06,52491016.4740338,0.0,1.2286576147540984e+16,1.0424228740264296e-14
2.4500000000000003e-06,29591748.10738698,0.0,1.2236426857142856e+16,5.924914495833994e-15
2.46e-06,30855328.237543378,0.0,1.2186685284552844e+16,6.228445692330176e-15
2.47e-06,37507852.87535622,0.0,1.2137346477732794e+16,7.633002548958745e-15
2.48e-06,21101288.73480427,0.0,1.208840556451613e+16,4.32904040016044e-15
2.49e-06,94493818.42899331,0.0,1.2039857751004016e+16,1.954255712602354e-14
2.5e-06,7336755.775485481,0.0,1.199169832e+16,1.5295489387122695e-15
2.51e-06,73467445.51218243,0.0,1.1943922629482072e+16,1.5439089313958012e-14
2.52e-06,47062116.8634463,0.0,1.1896526111111112e+16,9.969005522134563e-15
2.53e-06,20716720.86910488,0.0,1.1849504268774704e+16,4.423248653275107e-15
2.5400000000000002e-06,18908752.461530317,0.0,1.1802852677165354e+16,4.069205349415728e-15
2.55e-06,438607142.41195524,0.0,1.1756566980392156e+16,9.51339123926106e-14
2.56e-06,267749133.5083685,0.0,1.1710642890625e+16,5.853118297460452e-14
2.57e-06,112273839.23275739,0.0,1.1665076186770428e+16,2.473569501032742e-14
2.58e-06,58184618.641531296,0.0,1.1619862713178296e+16,1.2918940593411756e-14
2.59e-06,14408808.994061003,0.0,1.1574998378378378e+16,3.224088166122599e-15
2.6e-06,18928730.01299602,0.0,1.1530479153846154e+16,4.268226617223743e-15
2.61e-06,13335015.602823053,0.0,1.1486301072796934e+16,3.0300782212470105e-15
2.62e-06,6088158.808929326,0.0,1.1442460229007634e+16,1.3940163007040844e-15
2.6300000000000002e-06,117368114.8563028,0.0,1.1398952775665398e+16,2.7079517579110043e-14
2.64e-06,119166094.48814909,0.0,1.1355774924242424e+16,2.7703832767687704e-14
2.65e-06,93095389.82645008,0.0,1.1312922943396226e+16,2.1807165511023154e-14
2.66e-06,14508696.75138613,0.0,1.1270393157894738e+16,3.424293440167454e-15
2.67e-06,10393321.14961602,0.0,1.1228181947565544e+16,2.471474687448529e-15
2.68e-06,7176935.36376626,0.0,1.1186285746268656e+16,1.7194435410618233e-15
2.69e-06,18114644.7908012,0.0,1.1144701040892192e+16,4.3723375179343764e-15
2.7e-06,15227888.604122654,0.0,1.110342437037037e+16,3.702938648445057e-15
2.71e-06,45463912.74625403,0.0,1.1062452324723248e+16,1.1137422329675957e-14
2.7200000000000002e-06,61081363.603939705,0.0,1.1021781544117646e+16,1.5073906912207496e-14
2.73e-06,9604207.866752334,0.0,1.0981408717948718e+16,2.3876251353234004e-15
2.74e-06,41942869.300564796,0.0,1.0941330583941606e+16,1.050360931898161e-14
2.75e-06,15802243.20873863,0.0,1.0901543927272728e+16,3.986239849505683e-15
2.7600000000000003e-06,10877776.772639468,0.0,1.0862045579710144e+16,2.7639972298188508e-15
2.77e-06,52291240.95938479,0.0,1.0822832418772562e+16,1.3383440845508648e-14
2.78e-06,24152859.72106827,0.0,1.0783901366906474e+16,6.226406171575672e-15
2.79e-06,6432771.571698911,0.0,1.0745249390681004e+16,1.6702667413755113e-15
2.8e-06,68972496.43257916,0.0,1.07068735e+16,1.8037290719015372e-14
2.81e-06,17804992.743094448,0.0,1.066877074733096e+16,4.68957772108957e-15
2.82e-06,3806222.9928507297,0.0,1.0630938226950354e+16,1.0096520749813572e-15
2.83e-06,12231255.884387137,0.0,1.0593373074204946e+16,3.267557359714104e-15
2.84e-06,638782208.0902878,0.0,1.0556072464788732e+16,1.7185761816506486e-13
2.8500000000000002e-06,1632165.954682543,0.0,1.0519033614035086e+16,4.4221485941814305e-16
2.86e-06,10608079.82786373,0.0,1.0482253776223776e+16,2.8943306425672048e-15
2.87e-06,3036088.383878702,0.0,1.0445730243902438e+16,8.341756352379779e-16
2.88e-06,13245116.621230986,0.0,1.0409460347222222e+16,3.664545000099311e-15
2.89e-06,10912737.48770351,0.0,1.0373441453287198e+16,3.0402457546496543e-15
2.9e-06,15008135.538008083,0.0,1.033767096551724e+16,4.210193302282741e-15
2.91e-06,29986304.748820074,0.0,1.0302146323024054e+16,8.4700939088829e-15
2.92e-06,161668335.22973117,0.0,1.0266865e+16,4.598010579381486e-14
2.93e-06,20766664.74776714,0.0,1.0231824505119454e+16,5.946772022967506e-15
2.9400000000000002e-06,18269470.814653434,0.0,1.019702238095238e+16,5.26744398398236e-15
2.95e-06,18499212.656500597,0.0,1.016245620338983e+16,5.370028292813038e-15
2.96e-06,37377998.79083436,0.0,1.012812358108108e+16,1.0923926385292e-14
2.97e-06,7651402.211058021,0.0,1.0094022154882156e+16,2.2512992559513188e-15
2.9800000000000003e-06,10962681.366365304,0.0,1.0060149597315436e+16,3.247346389410185e-15
2.99e-06,4333630.351524181,0.0,1.0026503612040134e+16,1.2923303329285666e-15
3e-06,14748427.36896497,0.0,9993081933333334.0,4.4275912478320166e-15
3.01e-06,9744050.727006657,0.0,9959882325581396.0,2.9447730133275405e-15
3.02e-06,113921987.22861193,0.0,9926902582781458.0,3.465777956027941e-14
3.0300000000000002e-06,132950604.99892683,0.0,9894140528052804.0,4.071504058433143e-14
3.04e-06,1458860695.7245746,0.0,9861594013157894.0,4.4971801810998964e-13
3.05e-06,27928616.947935026,0.0,9829260918032786.0,8.666193969368155e-15
3.06e-06,31110042.0187209,0.0,9797139150326798.0,9.716788453914174e-15
3.0700000000000003e-06,20222276.47034766,0.0,9765226644951140.0,6.357495941588354e-15
3.08e-06,13160212.027505148,0.0,9733521363636364.0,4.164315413756167e-15
3.09e-06,40929008.56372094,0.0,9702021294498382.0,1.3035493596949124e-14
3.1e-06,4739174.646261722,0.0,9670724451612904.0,1.5191665812545273e-15
3.11e-06,6567620.044087009,0.0,9639628874598072.0,2.1188884554398616e-15
3.12e-06,26335407.218607858,0.0,9608732628205128.0,8.551228731338412e-15
3.13e-06,17245621.302077904,0.0,9578033801916932.0,5.635686383222056e-15
3.14e-06,20142366.264488906,0.0,9547530509554140.0,6.6244386448626004e-15
3.15e-06,36543936.017174646,0.0,9517220888888890.0,1.2095274429165775e-14
3.1600000000000002e-06,12161334.45425946,0.0,9487103101265822.0,4.050743041923133e-15
3.17e-06,11766777.812828135,0.0,9457175331230284.0,3.944167720300977e-15
3.18e-06,11567002.2981791,0.0,9427435786163522.0,3.9017043597576535e-15
3.19e-06,19942590.74983987,0.0,9397882695924766.0,6.769276288112807e-15
3.2e-06,15722333.002879016,0.0,9368514312500000.0,5.370271521289608e-15
3.21e-06,106680124.8225799,0.0,9339328909657320.0,3.666678880174983e-14
3.22e-06,6547642.492622105,0.0,9310324782608696.0,2.2645191567995697e-15
3.23e-06,34611107.912945226,0.0,9281500247678018.0,1.2044806935902512e-14
3.24e-06,2607070.4661699003,0.0,9252853641975308.0,9.128976461997968e-16
3.2500000000000002e-06,3781251.053519441,0.0,9224383323076922.0,1.332237125618387e-15
3.26e-06,2214012.1410979247,0.0,9196087668711656.0,7.848641552794602e-16
3.27e-06,19373230.533090122,0.0,9167965076452600.0,6.909980929783076e-15
3.28e-06,14673511.550971584,0.0,9140013963414634.0,5.2657597767176885e-15
3.2900000000000003e-06,4045454.1716427775,0.0,9112232765957446.0,1.4606238192716173e-15
3.3e-06,8670257.335768096,0.0,9084619939393938.0,3.149482245697941e-15
3.31e-06,1765516.1107108425,0.0,9057173957703928.0,6.452187353078464e-16
3.32e-06,2092149.0771620139,0.0,9029893313253012.0,7.692156147607484e-16
3.33e-06,7661390.986790473,0.0,9002776516516517.0,2.833840420142286e-15
3.34e-06,26884789.88389268,0.0,8975822095808383.0,1.0004119650960441e-14
3.35e-06,1236610435.6775236,0.0,8949028597014925.0,4.629156019125408e-13
3.36e-06,22709481.627729,0.0,8922394583333333.0,8.551948421077669e-15
3.37e-06,2062682.1887512812,0.0,8895918635014837.0,7.813964202338079e-16
3.3800000000000002e-06,9684118.072611539,0.0,8869599349112425.0,3.69039432302007e-15
3.39e-06,7876149.665038185,0.0,8843435339233038.0,3.0192053585812803e-15
3.4e-06,22240009.168303765,0.0,8817425235294117.0,8.575749626949972e-15
3.41e-06,11132490.553817447,0.0,8791567683284458.0,4.3179776526881355e-15
3.42e-06,11771772.200694358,0.0,8765861345029240.0,4.592755844718464e-15
3.43e-06,2661009.855125027,0.0,8740304897959183.0,1.0442729297933316e-15
3.44e-06,2006745.0446495516,0.0,8714897034883721.0,7.921152626316214e-16
3.45e-06,62130185.05584974,0.0,8689636463768116.0,2.4667215865292096e-14
3.46e-06,10313410.943756407,0.0,8664521907514451.0,4.1184501864377854e-15
3.4700000000000002e-06,16861053.436377797,0.0,8639552103746397.0,6.77209359022906e-15
3.48e-06,24112904.618138466,0.0,8614725804597701.0,9.740635973153937e-15
3.49e-06,25706114.347464517,0.0,8590041776504298.0,1.0443993336335118e-14
3.5e-06,37098313.0703257,0.0,8565498800000000.0,1.515896491003419e-14
3.5100000000000003e-06,11332266.068466004,0.0,8541095669515669.0,4.657043480063399e-15
3.52e-06,19563017.272006705,0.0,8516831193181818.0,8.08538049369714e-15
3.53e-06,40179850.38378706,0.0,8492704192634561.0,1.6700790306316918e-14
3.54e-06,76963517.01854055,0.0,8468713502824859.0,3.2171456757245796e-14
3.55e-06,11002636.469295574,0.0,8444857971830986.0,4.625223964249877e-15
3.5600000000000002e-06,22604599.482537296,0.0,8421136460674157.0,9.555999304088054e-15
3.57e-06,5214140.9323398005,0.0,8397547843137255.0,2.2166569903695685e-15
3.58e-06,36733722.756091215,0.0,8374091005586592.0,1.5704000276456836e-14
3.59e-06,65426481.0475588,0.0,8350764846796658.0,2.812689271819648e-14
3.6000000000000003e-06,12376093.132507164,0.0,8327568277777777.0,5.35017351895133e-15
3.61e-06,631290626.2909491,0.0,8304500221606648.0,2.74424601131436e-13
3.62e-06,628793.432357836,0.0,8281559613259668.0,2.7485550203501207e-16
3.63e-06,3512053.547530026,0.0,8258745399449036.0,1.5436671989409554e-15
3.64e-06,14868292.677754393,0.0,8236056538461539.0,6.571177006166533e-15
3.65e-06,13624690.099063577,0.0,8213492000000000.0,6.054686467288464e-15
3.66e-06,26065710.273832776,0.0,8191050765027322.0,1.1646918367244394e-14
3.67e-06,30216046.59066647,0.0,8168731825613079.0,1.3575288472568167e-14
3.68e-06,92546007.16116524,0.0,8146534184782609.0,4.180542284954227e-14
3.6900000000000002e-06,5878394.518547591,0.0,8124456856368563.0,2.6698739567356248e-15
3.7e-06,5498821.040714675,0.0,8102498864864865.0,2.511032483925393e-15
3.71e-06,7836194.562108379,0.0,8080659245283019.0,3.597761140886204e-15
3.72e-06,7556508.84159973,0.0,8058937043010753.0,3.488079475087852e-15
3.7300000000000003e-06,5853422.5792164635,0.0,8037331313672922.0,2.716482047136114e-15
3.74e-06,77462955.80516313,0.0,8015841122994652.0,3.6142364882985146e-14
3.75e-06,1005370.2774712661,0.0,7994465546666666.0,4.715935691397439e-16
3.76e-06,1048821.4519074312,0.0,7973203670212766.0,4.946027747798278e-16
3.77e-06,646273.7898896267,0.0,7952054588859417.0,3.063927895184833e-16
3.7800000000000002e-06,3542519.3135138545,0.0,7931017407407407.0,1.688399144424486e-15
3.79e-06,15023118.701607393,0.0,7910091240105541.0,7.19809900427044e-15
3.8e-06,29571770.55592333,0.0,7889275210526316.0,1.4243732803562822e-14
3.81e-06,5204152.156607349,0.0,7868568451443570.0,2.5198763712904326e-15
3.82e-06,12625812.525818981,0.0,7847970104712042.0,6.145615134246001e-15
3.83e-06,6967171.073385078,0.0,7827479321148826.0,3.4090495951828904e-15
3.8400000000000005e-06,34586135.97361117,0.0,7807095260416666.0,1.7011546254858786e-14
3.85e-06,5279067.974600737,0.0,7786817090909090.0,2.6101051899550935e-15
3.86e-06,12446014.562634848,0.0,7766643989637305.0,6.185633882004938e-15
3.87e-06,15073062.580269653,0.0,7746575142118863.0,7.530134429147e-15
3.88e-06,10443265.02827828,0.0,7726609742268041.0,5.244197605588615e-15
3.89e-06,28872556.25465171,0.0,7706746992287918.0,1.4573495658153453e-14
3.9e-06,7151963.424435435,0.0,7686986102564103.0,3.628555715222928e-15
3.91e-06,2778377.9699814473,0.0,7667326291560103.0,1.4168508616341963e-15
3.92e-06,2118119.8940663883,0.0,7647766785714286.0,1.0856803322310977e-15
3.9300000000000005e-06,2652019.956965708,0.0,7628306819338421.0,1.366284639266665e-15
3.94e-06,1000875.3283916629,0.0,7608945634517766.0,5.182648139807714e-16
3.95e-06,1332003.2439224375,0.0,7589682481012658.0,6.932322698158016e-16
3.96e-06,12845565.59193292,0.0,7570516616161616.0,6.719282490637416e-15
3.97e-06,658759.7595551912,0.0,7551447304785894.0,3.463278150370752e-16
3.98e-06,2643529.497593349,0.0,7532473819095477.0,1.3967851270520515e-15
3.99e-06,4684236.3797332365,0.0,7513595438596491.0,2.487504591893072e-15
4e-06,10877776.772639928,0.0,7494811450000000.0,5.8054972270929796e-15
4.01e-06,32908021.65056221,0.0,7476121147132170.0,1.7651020391687282e-14
4.0200000000000005e-06,52540960.35269162,0.0,7457523830845770.0,2.832235811895034e-14
4.03e-06,23818235.734031137,0.0,7439018808933002.0,1.2903246042728212e-14
4.04e-06,1060308.5439997504,0.0,7420605396039603.0,5.772637526373771e-16
4.05e-06,9209651.225320492,0.0,7402282913580247.0,5.0388627262704316e-15
4.06e-06,3242356.6027538306,0.0,7384050689655172.0,1.782756966392832e-15
4.07e-06,2046200.7087927358,0.0,7365908058968059.0,1.130619173918004e-15
4.08e-06,711200.8321505629,0.0,7347854362745098.0,3.9490431518164235e-16
4.09e-06,2603574.394663542,0.0,7329888948655257.0,1.4527667947994608e-15
4.1e-06,19498090.229745764,0.0,7312011170731708.0,1.093299340979506e-14
4.1100000000000005e-06,8080919.567552763,0.0,7294220389294403.0,4.553273365771531e-15
4.12e-06,5528787.36791203,0.0,7276515970873786.0,3.130427260377777e-15
4.13e-06,4196784.123989592,0.0,7258897288135593.0,2.3877894594826025e-15
4.14e-06,4379079.281106836,0.0,7241363719806763.0,2.503587573455858e-15
4.15e-06,1431391.562460332,0.0,7223914650602410.0,8.223069168895859e-16
4.16e-06,45628727.54583949,0.0,7206549471153846.0,2.6339305287569303e-14
4.17e-06,31314811.921236157,0.0,7189267577937650.0,1.8163570112800618e-14
4.18e-06,165064518.97876477,0.0,7172068373205742.0,9.620233012681624e-14
4.19e-06,835561.0900195867,0.0,7154951264916468.0,4.893116441405895e-16
4.2000000000000004e-06,8540403.2512455,0.0,7137915666666666.0,5.0252336018396654e-15
4.21e-06,1447873.0424188774,0.0,7120960997624702.0,8.560004064924284e-16
4.22e-06,10008753.283916628,0.0,7104086682464455.0,5.945442496131803e-15
4.23e-06,1569236.667568166,0.0,7087292151300236.0,9.365877632962481e-16
4.24e-06,13459875.2994787,0.0,7070576839622641.0,8.071459028629341e-15
4.25e-06,574854.0434025968,0.0,7053940188235294.0,3.463496456258217e-16
4.26e-06,1044825.9416144505,0.0,7037381643192488.0,6.324736580945743e-16
4.27e-06,811588.0282617025,0.0,7020900655737705.0,4.935949176043913e-16
4.28e-06,1995257.9525572325,0.0,7004496682242991.0,1.2191745423470395e-15
4.2900000000000004e-06,3392687.677526941,0.0,6988169184149183.0,2.0827529719234492e-15
4.3e-06,10293433.392291503,0.0,6971917627906976.0,6.348578102771015e-15
4.31e-06,9803983.381401367,0.0,6955741484918793.0,6.07486181961422e-15
4.32e-06,419079.08585501206,0.0,6939640231481481.0,2.6088119708003387e-16
4.33e-06,10623062.99146241,0.0,6923613348729792.0,6.6436209586243026e-15
4.34e-06,11911615.060948681,0.0,6907660322580645.0,7.48392465036612e-15
4.35e-06,22574633.1553409,0.0,6891780643678161.0,1.4248807282601426e-14
4.36e-06,16930974.866505675,0.0,6875973807339450.0,1.0735795755820056e-14
4.3700000000000005e-06,20107405.54942362,0.0,6860239313501143.0,1.2808498105605714e-14
4.38e-06,1755027.896191768,0.0,6844576666666666.0,1.1230821948062935e-15
4.39e-06,2533652.96453638,0.0,6828985375854214.0,1.6287538927294021e-15
4.4e-06,1538271.4627975659,0.0,6813464954545454.0,9.933850810803545e-16
4.41e-06,2118619.332853011,0.0,6798014920634920.0,1.3743881658043125e-15
4.42e-06,408441.03969995107,0.0,6782634796380090.0,2.6616638661383947e-16
4.43e-06,5513804.204313353,0.0,6767324108352145.0,3.6094255623078126e-15
4.44e-06,3982524.884528503,0.0,6752082387387388.0,2.618808461273602e-15
4.45e-06,722188.4854562596,0.0,6736909168539326.0,4.770345984903856e-16
4.4600000000000005e-06,79310879.31565998,0.0,6721803991031389.0,5.262374835978638e-14
4.47e-06,5134230.726480187,0.0,6706766398210290.0,3.421918997132609e-15
4.48e-06,1480836.0023359682,0.0,6691795937500000.0,9.913848767097344e-16
4.49e-06,316294.5835680839,0.0,6676892160356347.0,2.1269816047843765e-16
4.5e-06,354201.9874727382,0.0,6662054622222222.0,2.392518575741805e-16
4.51e-06,2766391.4391025053,0.0,6647282882483370.0,1.8769210835346924e-15
4.52e-06,8835072.135353552,0.0,6632576504424779.0,6.020967270435042e-15
4.53e-06,3808220.7479972197,0.0,6617935055187638.0,2.606740598777043e-15
4.54e-06,1672121.0576124187,0.0,6603358105726873.0,1.1496316692224498e-15
4.5500000000000005e-06,1743540.804099301,0.0,6588845230769230.0,1.204021399926805e-15
4.56e-06,2926711.2896083556,0.0,6574396008771929.0,2.0299664733927468e-15
4.57e-06,281483.7001404896,0.0,6560010021881838.0,1.9609429030613277e-16
4.58e-06,1265577.8853016335,0.0,6545686855895196.0,8.855215414805795e-16
4.59e-06,7581480.780930859,0.0,6531426100217865.0,5.327932407183153e-15
4.6e-06,60182373.78802165,0.0,6517227347826087.0,4.2478020889856346e-14
4.61e-06,3978029.9354489,0.0,6503090195227766.0,2.8200005615602765e-15
4.62e-06,1790488.0500419715,0.0,6489014242424243.0,1.2747783379966101e-15
4.63e-06,2273944.795492635,0.0,6474999092872571.0,1.6260024522196638e-15
4.6400000000000005e-06,239031.40327754954,0.0,6461044353448275.0,1.7166043916969824e-16
4.65e-06,93544884.7344104,0.0,6447149634408602.0,6.746915128097683e-14
4.66e-06,10168573.695635857,0.0,6433314549356223.0,7.36565157169331e-15
4.67e-06,2638535.109727123,0.0,6419538715203426.0,1.9194461641369195e-15
4.68e-06,467175.0410067672,0.0,6405821752136752.0,3.4131127535391893e-16
4.69e-06,394756.41694649216,0.0,6392163283582090.0,2.8963709363217987e-16
4.7e-06,47541578.098603986,0.0,6378562936170213.0,3.503068313340164e-14
4.71e-06,3303288.134721786,0.0,6365020339702760.0,2.4443735108733646e-15
4.72e-06,462730.0358058262,0.0,6351535127118644.0,3.4386738407196745e-16
4.7300000000000005e-06,174903.4630752149,0.0,6338106934460887.0,1.3052688900650985e-16
4.74e-06,308253.6191034603,0.0,6324735400843881.0,2.310171196024186e-16
4.75e-06,300811.9811827837,0.0,6311420168421052.0,2.263922972150473e-16
4.76e-06,400599.85074997647,0.0,6298160882352941.0,3.0276382664545446e-16
4.77e-06,343464.0535603526,0.0,6284957190775681.0,2.6067377799922324e-16
4.78e-06,1924337.6448568248,0.0,6271808744769875.0,1.4666158227618479e-15
4.79e-06,827570.0694336256,0.0,6258715198329854.0,6.333665148471495e-16
4.8e-06,7401682.817746729,0.0,6245676208333334.0,5.688427696232592e-15
4.81e-06,25041860.761256475,0.0,6232691434511435.0,1.932573616506743e-14
4.8200000000000004e-06,814584.6609813693,0.0,6219760539419087.0,6.312619338070061e-16
4.83e-06,31489615.496554065,0.0,6206883188405797.0,2.4504221882645234e-14
4.84e-06,1341492.5808682668,0.0,6194059049586777.0,1.048234128771434e-15
4.85e-06,2055190.6069519427,0.0,6181287793814433.0,1.6125562789183668e-15
4.86e-06,413035.8765368789,0.0,6168569094650206.0,3.254165316410483e-16
4.87e-06,1801475.7033476685,0.0,6155902628336756.0,1.4251665766964131e-15
4.88e-06,10603085.439997505,0.0,6143288073770492.0,8.422697475007079e-15
4.89e-06,39715372.312228054,0.0,6130725112474438.0,3.1677846754478005e-14
4.9000000000000005e-06,14698483.490301471,0.0,6118213428571428.0,1.1771830117291956e-14
4.9100000000000004e-06,13859426.32877677,0.0,6105752708757637.0,1.1145191513683218e-14
4.92e-06,1644651.9243481765,0.0,6093342642276422.0,1.327955433139739e-15
4.93e-06,1514797.839826304,0.0,6080982920892495.0,1.228083263428673e-15
4.94e-06,2046700.1475793584,0.0,6068673238866397.0,1.6660476402467614e-15
4.95e-06,557873.1246574288,0.0,6056413292929293.0,4.559583095622322e-16
4.96e-06,1662631.7206665897,0.0,6044202782258065.0,1.3643905791369566e-15
4.97e-06,232388.86741548937,0.0,6032041408450704.0,1.9147293475752686e-16
4.98e-06,444800.18336607533,0.0,6019928875502008.0,3.6796197413185133e-16
4.9900000000000005e-06,296516807.61780435,0.0,6007864889779559.0,2.462803170773593e-13
5e-06,2887255.625465171,0.0,5995849160000000.0,2.4077120257851614e-15
5.01e-06,615308.5851190264,0.0,5983881397205588.0,5.151666296203514e-16
5.02e-06,163616.14649755927,0.0,5971961314741036.0,1.3753489216186663e-16
5.03e-06,390411.29950287566,0.0,5960088628230616.0,3.294865158880117e-16
5.04e-06,220052.72938591152,0.0,5948263055555556.0,1.8645203578701005e-16
5.05e-06,161218.84032177087,0.0,5936484316831683.0,1.3714432653625867e-16
5.06e-06,532401.746539677,0.0,5924752134387352.0,4.546946060165154e-16
5.07e-06,19692871.356528576,0.0,5913066232741618.0,1.688512420590752e-14
5.0800000000000005e-06,152228942.16255137,0.0,5901426338582677.0,1.3104002012697953e-13
5.09e-06,335772.69624636474,0.0,5889832180746561.0,2.9017516483421486e-16
5.1e-06,3037087.261451947,0.0,5878283490196078.0,2.63497755071494e-15
5.11e-06,143438.81951800676,0.0,5866780000000000.0,1.249360582358661e-16
5.12e-06,661756.3922749268,0.0,5855321445312500.0,5.786518742126542e-16
5.13e-06,362442.7274520109,0.0,5843907563352826.0,3.181657429848294e-16
5.14e-06,135148.13566007183,0.0,5832538093385214.0,1.1910105106396085e-16
5.15e-06,555375.9307243159,0.0,5821212776699029.0,4.913385153483637e-16
5.16e-06,1491823.655641665,0.0,5809931356589148.0,1.3249399331337651e-15
5.1700000000000005e-06,409539.805030486,0.0,5798693578336557.0,3.651375544170414e-16
5.18e-06,3006621.495467969,0.0,5787499189189189.0,2.6910240221918707e-15
5.19e-06,1164191.8116172487,0.0,5776347938342967.0,1.0460165431147497e-15
5.2e-06,977901.1442070239,0.0,5765239576923077.0,8.820250888152072e-16
5.21e-06,146435452.23774227,0.0,5754173857965451.0,1.325870098802319e-13
5.22e-06,8875027.238283359,0.0,5743150536398467.0,8.066590260907773e-15
5.23e-06,258709.29147049968,0.0,5732169369024857.0,2.3604494342093923e-16
5.24e-06,156673.94736350531,0.0,5721230114503817.0,1.4349562380012187e-16
5.25e-06,170558.3456316132,0.0,5710332533333334.0,1.5680896153402695e-16
5.2600000000000005e-06,99138599.14457498,0.0,5699476387832699.0,9.149419982047858e-14
5.27e-06,291372.5881156168,0.0,5688661442125237.0,2.699287969571341e-16
5.28e-06,239580.78594285462,0.0,5677887462121212.0,2.227917615869202e-16
5.29e-06,722687.9242428823,0.0,5667154215500945.0,6.7459239220772e-16
5.3e-06,2224000.9168303767,0.0,5656461471698113.0,2.0838478116005602e-15
5.31e-06,251517.37294313445,0.0,5645809001883239.0,2.3655728521502414e-16
5.32e-06,1056313.03370677,0.0,5635196578947369.0,9.972296903207113e-16
5.33e-06,229392.23469575387,0.0,5624623977485929.0,2.173764176631889e-16
5.34e-06,1472345.5429633842,0.0,5614090973782772.0,1.4004627349540151e-15
5.3500000000000004e-06,460832.16841662134,0.0,5603597345794392.0,4.3997667014374146e-16
5.36e-06,1273069.4671009723,0.0,5593142873134328.0,1.2200032250986146e-15
5.37e-06,8545397.639112452,0.0,5582727337057728.0,8.219779070603632e-15
5.38e-06,85853527.42042258,0.0,5572350520446096.0,8.288997180401649e-14
5.39e-06,11686867.60696852,0.0,5562012207792208.0,1.1325436559328325e-14
5.4e-06,11716833.934165874,0.0,5551712185185185.0,1.139664686028482e-14
5.41e-06,24212792.375462983,0.0,5541450240295749.0,2.363843417716293e-14
5.42e-06,25915878.637846004,0.0,5531226162361624.0,2.539474215915129e-14
5.4300000000000005e-06,139543.19698233876,0.0,5521039742173112.0,1.372421853489243e-16
5.4400000000000004e-06,39680411.59716448,0.0,5510890772058823.0,3.9169972336056794e-14
5.45e-06,589337.7682146518,0.0,5500779045871559.0,5.838974461590925e-16
5.46e-06,129204.81409926308,0.0,5490704358974359.0,1.2848229277340898e-16
5.47e-06,133949.48257217766,0.0,5480666508226691.0,1.3368878923211173e-16
5.48e-06,170358.57011696417,0.0,5470665291970803.0,1.7064925642794127e-16
5.49e-06,708204.1994308274,0.0,5460700510018215.0,7.120040822129381e-16
5.5e-06,16336642.710424796,0.0,5450771963636364.0,1.648418526894196e-14
5.51e-06,3153456.4987350097,0.0,5440879455535390.0,3.1935177851353672e-15
5.5200000000000005e-06,766139.0986789825,0.0,5431022789855072.0,7.786908632767563e-16
5.53e-06,113422548.44198933,0.0,5421201772151898.0,1.1569882827571437e-13
5.54e-06,235035892.98458913,0.0,5411416209386281.0,2.4062071678687185e-13
5.55e-06,686728331.6060561,0.0,5401665909909910.0,7.055864438823056e-13
5.56e-06,151230.0645893191,0.0,5391950683453237.0,1.5594340684475712e-16
5.57e-06,139093.70207439025,0.0,5382270341113106.0,1.4394518882418818e-16
5.58e-06,5229124.095938479,0.0,5372624695340502.0,5.430960491366959e-15
5.59e-06,23818235.734031137,0.0,5363013559928444.0,2.4826328754427116e-14
5.6e-06,1770011.0597904457,0.0,5353436750000000.0,1.8515324636695288e-15
5.6100000000000005e-06,1686105.3436377083,0.0,5343894081996434.0,1.7700670770543643e-15
5.62e-06,5408922.059122609,0.0,5334385373665480.0,5.6985275421489135e-15
5.63e-06,42856842.280084126,0.0,5324910444049733.0,4.531231549752992e-14
5.64e-06,801599.2525292509,0.0,5315469113475177.0,8.505401287731681e-16
5.65e-06,1795981.8766948204,0.0,5306061203539823.0,1.9123973912242452e-15
5.66e-06,1129730.5353402903,0.0,5296686537102473.0,1.2072216819392901e-15
5.67e-06,3881638.2496307404,0.0,5287344938271605.0,4.1625596839915735e-15
5.68e-06,56836133.91765031,0.0,5278036232394366.0,6.116465034303168e-14
5.69e-06,300062.8230028498,0.0,5268760246045694.0,3.2405298080656074e-16
5.7000000000000005e-06,24023005.636544365,0.0,5259516807017543.0,2.6034926239916498e-14
5.71e-06,242377.64314794113,0.0,5250305744308231.0,2.635991901757511e-16
5.72e-06,38916270.25363192,0.0,5241126888111888.0,4.2471985625016316e-14
5.73e-06,178199.75906693877,0.0,5231980069808028.0,1.951621768106286e-16
5.74e-06,13664645.20199396,0.0,5222865121951219.0,1.5017631439454568e-14
5.75e-06,4855543.883544783,0.0,5213781878260870.0,5.354918556680282e-15
5.76e-06,138644.20716642996,0.0,5204730173611111.0,1.5343554932542522e-16
5.77e-06,302060.5781493402,0.0,5195709844020797.0,3.3544781911318683e-16
5.78e-06,678737.3110200947,0.0,5186720726643599.0,7.563741840858361e-16
5.7900000000000005e-06,193632.41757356032,0.0,5177762659758203.0,2.1652821332742784e-16
5.8e-06,1390937.0207439025,0.0,5168835482758620.0,1.560783806570107e-15
5.81e-06,6163074.6269227145,0.0,5159939036144578.0,6.93951291509361e-15
5.82e-06,521414.09323398006,0.0,5151073161512027.0,5.891257855345603e-16
5.83e-06,869522.9275099225,0.0,5142237701543739.0,9.858195909265339e-16
5.84e-06,86303022.32838291,0.0,5133432500000000.0,9.818180143554166e-14
5.85e-06,4920470.92580572,0.0,5124657401709402.0,5.616913026490688e-15
5.86e-06,26640064.878448755,0.0,5115912252559727.0,3.051474937037872e-14
5.87e-06,181096.50402934977,0.0,5107196899488927.0,2.0814480028343145e-16
5.8800000000000005e-06,138494.37553043143,0.0,5098511190476190.0,1.59722494998168e-16
5.89e-06,233637.46438204584,0.0,5089854974533107.0,2.703661837312923e-16
5.9e-06,594332.1560808778,0.0,5081228101694915.0,6.901008281260816e-16
5.91e-06,160319.8505058502,0.0,5072630423011844.0,1.8678481132615374e-16
5.92e-06,79510654.83031574,0.0,5064061790540540.0,9.294971034412005e-14
5.93e-06,3010117.5669743274,0.0,5055522057335582.0,3.5307920665200836e-15
5.94e-06,216856.32115152694,0.0,5047011077441078.0,2.5522562322038187e-16
5.95e-06,2497693.371899554,0.0,5038528705882353.0,2.9495268222749603e-15
5.9600000000000005e-06,219053.85181264777,0.0,5030074798657718.0,2.595510025321634e-16
5.9700000000000004e-06,2206520.559298586,0.0,5021649212730318.0,2.623227386257495e-15
5.98e-06,14204039.091546353,0.0,5013251806020067.0,1.69431253513834e-14
5.99e-06,201323.77488756453,0.0,5004882437395659.0,2.4095059707417006e-16
6e-06,203870912.6993397,0.0,4996540966666667.0,2.4481445951439613e-13
6.01e-06,2301913.3675435004,0.0,4988227254575707.0,2.773430044961571e-15
6.02e-06,855039.2026978676,0.0,4979941162790698.0,1.0336138183119938e-15
6.03e-06,256262.04141604903,0.0,4971682553897181.0,3.1081230408153955e-16
6.04e-06,943939.3067166881,0.0,4963451291390729.0,1.1486752015594577e-15
6.0500000000000005e-06,309602.103827315,0.0,4955247239669421.0,3.780018710590544e-16
6.0600000000000004e-06,225796.27543207127,0.0,4947070264026402.0,2.765930856224947e-16
6.07e-06,209414.6832308504,0.0,4938920230642504.0,2.5737348810063666e-16
6.08e-06,98189665.45000046,0.0,4930797006578947.0,1.2107437502283323e-13
6.09e-06,887502.7238283358,0.0,4922700459770115.0,1.0979525632902246e-15
6.1e-06,285978649.2200929,0.0,4914630459016393.0,3.5495441107726786e-13
6.11e-06,4282687.595288678,0.0,4906586873977087.0,5.333080179624681e-15
6.12e-06,1144214.260152345,0.0,4898569575163399.0,1.4295175692995582e-15
6.13e-06,193882.13696688798,0.0,4890578433931485.0,2.430177770713315e-16
6.1400000000000005e-06,145286.74302849802,0.0,4882613322475570.0,1.8270146400671508e-16
6.15e-06,674741.8007271141,0.0,4874674113821138.0,8.512696392782929e-16
6.16e-06,11157462.493148578,0.0,4866760681818182.0,1.4122323543576895e-14
6.17e-06,15187933.501192847,0.0,4858872901134522.0,1.9286273094420555e-14
6.18e-06,174603.79980325614,0.0,4851010647249191.0,2.224384898837542e-16
6.19e-06,143638.59503265584,0.0,4843173796445880.0,1.8358269610407424e-16
6.2e-06,146085.84508710646,0.0,4835362225806452.0,1.8731424808386512e-16
6.21e-06,991385.9914458337,0.0,4827575813204509.0,1.275279197074273e-15
6.22e-06,193682.36145223893,0.0,4819814437299036.0,2.4994827164093636e-16
6.2300000000000005e-06,286677.86352134024,0.0,4812077977528090.0,3.7115007239666545e-16
6.24e-06,1198153.6491075843,0.0,4804366314102564.0,1.5561841628281216e-15
6.25e-06,122662165.99450718,0.0,4796679328000000.0,1.5982693130860674e-13
6.26e-06,71419746.48702984,0.0,4789016900958466.0,9.33568668173477e-14
6.27e-06,661256.9534883043,0.0,4781378915470494.0,8.671308364532091e-16
6.28e-06,298464.6188856575,0.0,4773765254777070.0,3.926371965454887e-16
6.29e-06,405794.01413085125,0.0,4766175802861685.0,5.35532983770873e-16
6.3e-06,1017856247.1368309,0.0,4758610444444445.0,1.347556063230277e-12
6.31e-06,484006.12811594835,0.0,4751069064976228.0,6.42819253234096e-16
6.3200000000000005e-06,240679.55127340395,0.0,4743551550632911.0,3.206658023659425e-16
6.33e-06,1832440.9081182692,0.0,4736057788309636.0,2.4491573935225588e-15
6.34e-06,550381.54285809,0.0,4728587665615142.0,7.379410573466342e-16
6.35e-06,2335375.7662472134,0.0,4721141070866142.0,3.1411126871811856e-15
6.36e-06,3684859.3677014415,0.0,4713717893081761.0,4.971809113349216e-15
6.37e-06,711700.2709371855,0.0,4706318021978022.0,9.632860985379118e-16
6.38e-06,548383.7877115997,0.0,4698941347962383.0,7.445695331177424e-16
6.39e-06,1241105.3847571267,0.0,4691587762128326.0,1.6904007365302524e-15
6.4e-06,251866.98009377025,0.0,4684257156250000.0,3.441204483083036e-16
6.4100000000000005e-06,393957.31488786265,0.0,4676949422776911.0,5.399387849124608e-16
6.42e-06,517418.58294099936,0.0,4669664454828660.0,7.113631685133789e-16
6.43e-06,179947.79482011782,0.0,4662402146189735.0,2.4816913779926676e-16
6.44e-06,9803983.381401367,0.0,4655162391304348.0,1.3562932432639376e-14
6.45e-06,3385695.534514512,0.0,4647945085271318.0,4.6983636417778056e-15
6.46e-06,239880.44921482817,0.0,4640750123839009.0,3.339175048377476e-16
6.47e-06,153976.97791574337,0.0,4633577403400309.0,2.150025693719467e-16
6.48e-06,212661.0353438972,0.0,4626426820987654.0,2.9786346187883026e-16
6.4900000000000005e-06,443751.3619141303,0.0,4619298274268104.0,6.234597048788785e-16
6.5000000000000004e-06,226645.32136932964,0.0,4612191661538461.0,3.1941313306334675e-16
6.51e-06,4546890.713412025,0.0,4605106881720430.0,6.4277028317861485e-15
6.52e-06,1151206.4031650615,0.0,4598043834355828.0,1.6324041307639579e-15
6.53e-06,2531655.2093898896,0.0,4591002419601838.0,3.6008930090587314e-15
6.54e-06,3554505.844392947,0.0,4583982538226300.0,5.071238388993675e-15
6.55e-06,328880.4409909731,0.0,4576984091603053.0,4.706520375377563e-16
6.56e-06,5398933.283390157,0.0,4570006981707317.0,7.749879262943254e-15
6.57e-06,30825361.910346024,0.0,4563051111111111.0,4.438316004346897e-14
6.5800000000000005e-06,3337749.410998462,0.0,4556116382978723.0,4.820419251452744e-15
6.5900000000000004e-06,3514051.3026765166,0.0,4549202701062215.0,5.090474003110714e-15
6.6e-06,13005386.003652144,0.0,4542309969696969.0,1.8896893474187645e-14
6.61e-06,62280016.6918365,0.0,4535438093797277.0,9.076761755298693e-14
6.62e-06,1125235.5862606869,0.0,4528586978851964.0,1.6448970983293664e-15
6.63e-06,19403196.860287476,0.0,4521756530920060.0,2.844982791621698e-14
6.64e-06,1206644.1084801683,0.0,4514946656626506.0,1.7745761998204515e-15
6.65e-06,719691.2915231467,0.0,4508157263157895.0,1.0616193733393504e-15
6.66e-06,1350482.4790274731,0.0,4501388258258258.5,1.99809765216812e-15
6.6700000000000005e-06,296566.7514964666,0.0,4494639550224887.0,4.4010208391070173e-16
6.68e-06,176152.06004178617,0.0,4487911047904191.5,2.621923091877315e-16
6.69e-06,309352.3844340299,0.0,4481202660687593.0,4.618330409422071e-16
6.7e-06,413035.8765368789,0.0,4474514298507462.5,6.18467209663443e-16
6.71e-06,3682362.173768329,0.0,4467845871833085.0,5.53032734225631e-15
6.72e-06,3402177.0144730574,0.0,4461197291666666.5,5.1247743694199315e-15
6.73e-06,5119247.56288151,0.0,4454568469539376.0,7.734202837779058e-15
6.74e-06,3664382.3774499157,0.0,4447959317507418.5,5.5526445862038256e-15
6.75e-06,255412.9954787906,0.0,4441369748148148.5,3.8817703034084986e-16
6.7600000000000005e-06,841554.3554589866,0.0,4434799674556212.5,1.2827879183679328e-15
6.77e-06,700213.178844866,0.0,4428249010339734.0,1.0705005996074412e-15
6.78e-06,12271210.987316942,0.0,4421717669616519.0,1.8815948170029684e-14
6.79e-06,6377833.305170427,0.0,4415205567010309.0,9.808260903111443e-15
6.8e-06,1332003.2439224375,0.0,4408712617647058.5,2.0544823045205996e-15
6.81e-06,26105665.376762584,0.0,4402238737151248.0,4.038390278915153e-14
6.82e-06,3580476.6612973213,0.0,4395783841642229.0,5.555061784140198e-15
6.83e-06,2440757.3502245788,0.0,4389347847730600.5,3.797915608500443e-15
6.84e-06,8330638.960864739,0.0,4382930672514620.0,1.3000792106899276e-14
6.8500000000000005e-06,16826092.721313506,0.0,4376532233576642.0,2.6335630355178352e-14
6.86e-06,118916375.09483777,0.0,4370152448979591.5,1.8666770614399607e-13
6.87e-06,16221771.789501604,0.0,4363791237263464.0,2.5538245560931633e-14
6.88e-06,347060.0128240352,0.0,4357448517441860.5,5.47975008464623e-16
6.89e-06,1268075.0792347468,0.0,4351124208998548.5,2.00799537688636e-15
6.9e-06,426121.17274639057,0.0,4344818231884058.0,6.76722462259396e-16
6.91e-06,15013129.925874943,0.0,4338530506512301.0,2.3911489761816137e-14
6.92e-06,393208.1567079621,0.0,4332260953757225.5,6.280786114832867e-16
6.9300000000000006e-06,370833.29906723887,0.0,4326009494949494.5,5.940520393069476e-16
6.9400000000000005e-06,1894870.7564460922,0.0,4319776051873198.5,3.044232592574661e-15
6.95e-06,7461615.472141438,0.0,4313560546762589.5,1.2022139707834539e-14
6.96e-06,206318.16275379036,0.0,4307362902298850.5,3.3337669598259243e-16
6.97e-06,8780133.868825067,0.0,4301183041606886.5,1.4228069922559683e-14
6.98e-06,317892.7876852761,0.0,4295020888252149.0,5.166195266040258e-16
6.99e-06,2457738.2689697472,0.0,4288876366237482.0,4.005615698167055e-15
7e-06,8575363.966309806,0.0,4282749400000000.0,1.4016124259843138e-14
7.01e-06,292771.01671816007,0.0,4276639914407988.5,4.798918936990755e-16
7.0200000000000006e-06,58584169.6708244,0.0,4270547834757834.5,9.630166596939858e-14
7.0300000000000005e-06,180696953.0000517,0.0,4264473086770981.0,2.9787960991734676e-13
7.04e-06,288425899.2745436,0.0,4258415596590909.0,4.768248389185702e-13
7.05e-06,225696.38767474674,0.0,4252375290780141.5,3.741813514336008e-16
7.06e-06,4498944.589896257,0.0,4246352096317280.5,7.479961172370558e-15
7.07e-06,1166189.5667637389,0.0,4240345940594059.5,1.9444074498941803e-15
7.08e-06,397802.99354488996,0.0,4234356751412429.5,6.651412149810845e-16
7.09e-06,320090.31834641553,0.0,4228384456981664.5,5.367157078938073e-16
7.1e-06,612811.3911859134,0.0,4222428985915493.0,1.0304402731066e-15
7.1100000000000005e-06,10163579.30776877,0.0,4216490267229254.5,1.7138198904398644e-14
7.1200000000000004e-06,242277.75539061657,0.0,4210568230337078.5,4.096876060462493e-16
7.13e-06,2083658.6177894298,0.0,4204662805049088.0,3.5333358782060982e-15
7.14e-06,1388439.82681079,0.0,4198773921568627.5,2.3610369475967056e-15
7.15e-06,356699.1814058511,0.0,4192901510489510.5,6.082659324745463e-16
7.16e-06,267049.91920709686,0.0,4187045502793296.0,4.566650685422962e-16
7.17e-06,1417407.2764348998,0.0,4181205829846583.0,2.4305931316495667e-15
7.18e-06,2987642.8215763113,0.0,4175382423398329.0,5.137559457717599e-15
7.19e-06,55637480.82975611,0.0,4169575215577190.5,9.594106509254329e-14
7.2000000000000005e-06,204670.0147579185,0.0,4163784138888888.5,3.5391462599938044e-16
7.2100000000000004e-06,1781997.590669388,0.0,4158009126213592.0,3.089989040121768e-15
7.22e-06,71819297.5163279,0.0,4152250110803324.0,1.248805621604446e-13
7.23e-06,261306.37316093716,0.0,4146507026279391.5,4.556232670004111e-16
7.24e-06,1947311.8290414638,0.0,4140779806629834.0,3.4048025494345105e-15
7.25e-06,426620.6115330132,0.0,4135068386206896.5,7.479923292034253e-16
7.26e-06,4531907.549813348,0.0,4129372699724518.0,7.967711128094557e-15
7.27e-06,386216.01369524596,0.0,4123692682255846.0,6.808922574774534e-16
7.28e-06,750656.4962937472,0.0,4118028269230769.5,1.327037828722647e-15
7.2900000000000005e-06,7396688.429879877,0.0,4112379396433470.0,1.3112082679090585e-14
7.3e-06,7286811.896823534,0.0,4106746000000000.0,1.2952767677088333e-14
7.31e-06,556374.808297561,0.0,4101128016415868.5,9.917027296820556e-16
7.32e-06,482357.9801200939,0.0,4095525382513661.0,8.621263659003364e-16
7.33e-06,258209.8526838771,0.0,4089938035470668.5,4.627645220436721e-16
7.34e-06,530903.4301798091,0.0,4084365912806539.5,9.540847369480964e-16
7.35e-06,300562.2617894724,0.0,4078808952380952.5,5.416121838369187e-16
7.36e-06,377226.1155360394,0.0,4073267092391304.5,6.816111360660394e-16
7.37e-06,310551.0375219242,0.0,4067740271370421.0,5.626615746942707e-16
7.3800000000000005e-06,1145213.1377254934,0.0,4062228428184281.5,2.0805508862513268e-15
7.39e-06,693221.0358321498,0.0,4056731502029769.5,1.2628155085532187e-15
7.4e-06,1397929.163756619,0.0,4051249432432432.5,2.553453196187893e-15
7.41e-06,991385.9914458337,0.0,4045782159244264.5,1.8157601935705463e-15
7.42e-06,500437.66419583146,0.0,4040329622641509.5,9.19045675759841e-16
7.43e-06,275190.771429045,0.0,4034891763122476.5,5.067465378886645e-16
7.44e-06,510925.87871490576,0.0,4029468521505376.5,9.433721885036016e-16
7.45e-06,11562007.910312874,0.0,4024059838926174.5,2.1405486593066338e-14
7.4600000000000006e-06,844051.5493920993,0.0,4018665656836461.0,1.566844593740559e-15
7.4700000000000005e-06,2547137.8117751903,0.0,4013285917001338.5,4.741032622010999e-15
7.48e-06,20531928.518054523,0.0,4007920561497326.0,3.831882966704112e-14
7.49e-06,308103.7874674735,0.0,4002569532710280.0,5.765539734593326e-16
7.5e-06,52740735.86734511,0.0,3997232773333333.0,9.895733909817579e-14
7.51e-06,315245.7621161765,0.0,3991910226364847.0,5.930733757127595e-16
7.52e-06,296616.69537515397,0.0,3986601835106383.0,5.595135008414091e-16
7.53e-06,475216.0054713909,0.0,3981307543160690.5,8.987942987089017e-16
7.54e-06,11507069.643784387,0.0,3976027294429708.5,2.182160701856524e-14
7.5500000000000006e-06,312698.6243043748,0.0,3970761033112582.5,5.945647682674567e-16
7.5600000000000005e-06,444950.015002062,0.0,3965508703703703.5,8.48270011429769e-16
7.57e-06,1114247.9329549898,0.0,3960270250990753.0,2.129869003348723e-15
7.58e-06,428818.1421941526,0.0,3955045620052770.5,8.218467825886437e-16
7.59e-06,135397855.05338314,0.0,3949834756258234.5,2.601804336819174e-13
7.6e-06,265751378.3618782,0.0,3944637605263158.0,5.12014201977759e-13
7.61e-06,53739613.44059028,0.0,3939454113009198.5,1.0381094602229148e-13
7.62e-06,73217726.11887114,0.0,3934284225721785.0,1.4180954934018323e-13
7.63e-06,15552523.815427337,0.0,3929127889908257.0,3.020155109140043e-14
7.64e-06,30585631.29276718,0.0,3923985052356021.0,5.955023272487739e-14
7.65e-06,231739596.99288002,0.0,3918855660130719.0,4.5237897762644244e-13
7.66e-06,1493321.972001533,0.0,3913739660574413.0,2.9227407281998112e-15
7.67e-06,225446.6682814354,0.0,3908637001303781.5,4.4239870449515223e-16
7.680000000000001e-06,320489.86937565927,0.0,3903547630208333.0,6.305449375735426e-16
7.690000000000001e-06,476814.20958858315,0.0,3898471495448634.0,9.40548437000754e-16
7.7e-06,41213688.67209582,0.0,3893408545454545.0,8.150837474932613e-14
7.71e-06,288575.7309105303,0.0,3888358728923475.5,5.722000053056257e-16
7.72e-06,22949212.245307837,0.0,3883321994818652.5,4.562277317465921e-14
7.73e-06,1559747.3306223366,0.0,3878298292367399.5,3.108798229738769e-15
7.74e-06,705207.5667110918,0.0,3873287571059431.5,1.409218000524263e-15
7.75e-06,6422782.79596646,0.0,3868289780645161.0,1.28678484527698e-14
7.76e-06,5134230.726480187,0.0,3863304871134020.5,1.0312836228685022e-14
7.77e-06,230940.4949342839,0.0,3858332792792792.5,4.650733210445884e-16
7.78e-06,266950.03144977236,0.0,3853373496143959.0,5.389748091529508e-16
7.79e-06,2942193.891993656,0.0,3848426931964056.5,5.955599735638854e-15
7.8e-06,42412341.75999002,0.0,3843493051282051.5,8.607177411640531e-14
7.81e-06,516419.7053677542,0.0,3838571805377721.0,1.0507131567193084e-15
7.82e-06,937446.6024905945,0.0,3833663145780051.5,1.9122265448767836e-15
7.83e-06,632289.5038641943,0.0,3828767024265645.0,1.293060346550129e-15
7.84e-06,726183.9957492404,0.0,3823883392857143.0,1.4888745136185015e-15
7.85e-06,1111251.3002352545,0.0,3819012203821656.5,2.284182987977201e-15
7.860000000000001e-06,261206485.40356836,0.0,3814153409669210.5,5.382801253004936e-13
7.870000000000001e-06,441553.8312530285,0.0,3809306963151206.5,9.122469482182805e-16
7.88e-06,365039809.14244825,0.0,3804472817258883.0,7.560873304162589e-13
7.89e-06,825572.3142871353,0.0,3799650925221799.5,1.7143063107422865e-15
7.9e-06,719691291.5231469,0.0,3794841240506329.0,1.4982342719228647e-12
7.91e-06,681234.5049532077,0.0,3790043716814159.0,1.4217685432687837e-15
7.92e-06,323136.89494481334,0.0,3785258308080808.0,6.761082070672485e-16
7.93e-06,1124236.7086874417,0.0,3780484968474148.5,2.3582151957318053e-15
7.94e-06,290973.0370863187,0.0,3775723652392947.0,6.118895679775588e-16
7.95e-06,322237.9051288926,0.0,3770974314465408.5,6.793446818101355e-16
7.96e-06,264902.3324246197,0.0,3766236909547738.5,5.598751795869321e-16
7.97e-06,14149100.825017868,0.0,3761511392722710.0,2.9979527323395086e-14
7.98e-06,999876.4508184176,0.0,3756797719298245.5,2.1238870638532593e-15
7.99e-06,1011363.5429107372,0.0,3752095844806007.5,2.1536749171914048e-15
8e-06,2760398.1736630346,0.0,3747405725000000.0,5.892926202781065e-15
8.01e-06,4809595.515175506,0.0,3742727315855181.0,1.0293258585351468e-14
8.02e-06,1488327.584135307,0.0,3738060573566085.0,3.1932032640599848e-15
8.03e-06,300861.9250614459,0.0,3733405454545455.0,6.471092646264833e-16
8.040000000000001e-06,2989141.1379356724,0.0,3728761915422885.0,6.445221039616101e-15
8.050000000000001e-06,285479.2104334703,0.0,3724129913043478.0,6.170857885329112e-16
8.06e-06,2852794.3491882132,0.0,3719509404466501.0,6.18186969142911e-15
8.07e-06,17380469.774466,0.0,3714900346964064.0,3.7756165167274526e-14
8.08e-06,1592710.2905394274,0.0,3710302698019801.5,3.4684768858419142e-15
8.09e-06,2026223.1573278322,0.0,3705716415327564.5,4.423475383863983e-15
8.1e-06,8355610.900195868,0.0,3701141456790123.5,1.8286371672560584e-14
8.11e-06,1692598.0478639451,0.0,3696577780517879.0,3.71342657539144e-15
8.12e-06,285029.71552550996,0.0,3692025344827586.0,6.268757860261176e-16
8.13e-06,1793984.1215483297,0.0,3687484108241082.5,3.955295936216241e-15
8.14e-06,979399.4605668916,0.0,3682954029484029.5,2.1646514035178967e-15
8.15e-06,2953680.9840859747,0.0,3678435067484662.5,6.544223176069714e-15
8.16e-06,12146351.290661298,0.0,3673927181372549.0,2.6977732992184108e-14
8.17e-06,886503.8462550906,0.0,3669430330477356.5,1.9738040435725845e-15
8.18e-06,3504062.526944065,0.0,3664944474327628.5,7.820918344379832e-15
8.19e-06,769635.1701854054,0.0,3660469572649573.0,1.7219954759126482e-15
8.2e-06,1714073.9156887163,0.0,3656005585365854.0,3.84447063344433e-15
8.210000000000001e-06,3135976.141202688,0.0,3651552472594396.5,7.050799437364104e-15
8.220000000000001e-06,2766890.877889128,0.0,3647110194647201.5,6.236127180809992e-15
8.23e-06,9159707.346658232,0.0,3642678712029161.0,2.0694768169933997e-14
8.24e-06,1175179.4649229455,0.0,3638257985436893.0,2.661570133213698e-15
8.25e-06,1069797.8809455796,0.0,3633847975757575.5,2.4287841914908517e-15
8.26e-06,289924.2156344114,0.0,3629448644067796.5,6.598175800212549e-16
8.27e-06,470221.617605165,0.0,3625059951632406.0,1.0727361283621181e-15
8.28e-06,2366840.409804436,0.0,3620681859903381.5,5.41263755045954e-15
8.29e-06,1185667.67944202,0.0,3616314330518697.0,2.7180118109822934e-15
8.3e-06,606318.6869598198,0.0,3611957325301205.0,1.3932736875142464e-15
8.31e-06,1478838.2471894778,0.0,3607610806257521.0,3.4064500008783177e-15
8.32e-06,759146.9556663311,0.0,3603274735576923.0,1.7528784604687099e-15
8.33e-06,175303014.1045278,0.0,3598949075630252.0,4.057501445015562e-13
8.34e-06,357997722.25106984,0.0,3594633788968825.0,8.305994932603179e-13
8.35e-06,451742382.5001293,0.0,3590328838323353.5,1.0506137637346853e-12
8.36e-06,5009371.02982454,0.0,3586034186602871.0,1.1678176958208374e-14
8.37e-06,9094780.304397296,0.0,3581749796893668.0,2.1253106851244767e-14
8.38e-06,1890375.807366489,0.0,3577475632458234.0,4.428080270345802e-15
8.390000000000001e-06,1767513.8658570335,0.0,3573211656734207.0,4.15017154290102e-15
8.400000000000001e-06,1162693.495257381,0.0,3568957833333333.0,2.736548263177482e-15
8.41e-06,1101262.5245028026,0.0,3564714126040427.5,2.598137607560718e-15
8.42e-06,856038.0802711128,0.0,3560480498812351.0,2.0244010993142773e-15
8.43e-06,1389438.704384035,0.0,3556256915776986.5,3.2936226362032432e-15
8.44e-06,1398928.041329864,0.0,3552043341232227.5,3.323988908516004e-15
8.45e-06,1217132.3229992427,0.0,3547839739644970.0,2.8988818222022594e-15
8.46e-06,94144211.27835752,0.0,3543646075650118.0,2.247572162716013e-13
8.47e-06,863030.223283829,0.0,3539462314049586.5,2.065247583566057e-15
8.48e-06,1696593.5581569255,0.0,3535288419811320.5,4.069572737700018e-15
8.49e-06,5279067.974600737,0.0,3531124358068315.5,1.2692639102882921e-14
8.5e-06,666750.7801411528,0.0,3526970094117647.0,1.6068697720607195e-15
8.51e-06,2920218.585382262,0.0,3522825593419506.5,7.054297609289488e-15
8.52e-06,3697844.776153629,0.0,3518690821596244.0,8.953795343273857e-15
8.53e-06,3839185.9527678215,0.0,3514565744431418.5,9.317867002202709e-15
8.54e-06,1271071.7119544821,0.0,3510450327868852.5,3.092182314592434e-15
8.55e-06,14848315.12628949,0.0,3506344538011696.0,3.6206679906523115e-14
8.56e-06,1269573.3955946143,0.0,3502248341121495.5,3.103020462223954e-15
8.570000000000001e-06,497690.7508693229,0.0,3498161703617269.0,1.2192717479411155e-15
8.580000000000001e-06,36553924.7929071,0.0,3494084592074591.5,8.97610422582601e-14
8.59e-06,68772720.91793013,0.0,3490016973224679.5,1.6927071622209794e-13
8.6e-06,7531536.902268602,0.0,3485958813953488.0,1.8580603161530696e-14
8.61e-06,968411.8072611947,0.0,3481910081300813.0,2.3946700132485528e-15
8.62e-06,3608944.6721348083,0.0,3477870742459396.5,8.944870404183873e-15
8.63e-06,949932.572156159,0.0,3473840764774044.0,2.3599003675808633e-15
8.64e-06,1778002.080376407,0.0,3469820115740740.5,4.427300972970662e-15
8.65e-06,645274.9123163815,0.0,3465808763005780.5,1.6104835474811196e-15
8.66e-06,537895.5731925254,0.0,3461806674364896.0,1.3455909304068403e-15
8.67e-06,513423.0726480187,0.0,3457813817762399.0,1.2873388431129796e-15
8.68e-06,1964292.7477866318,0.0,3453830161290322.5,4.9365661467320675e-15
8.69e-06,612311.9523992907,0.0,3449855673187572.0,1.5423807168818128e-15
8.7e-06,1021851.7574298115,0.0,3445890321839080.5,2.579916787628541e-15
8.71e-06,468123.97470135003,0.0,3441934075774971.5,1.18461299080248e-15
8.72e-06,1792985.2439750847,0.0,3437986903669725.0,4.547670414559765e-15
8.73e-06,1941818.0023886156,0.0,3434048774341352.0,4.936467789134419e-15
8.740000000000001e-06,538395.0119790568,0.0,3430119656750571.5,1.3718391413653042e-15
8.750000000000001e-06,1220628.394505601,0.0,3426199519999999.5,3.1173019520836337e-15
8.76e-06,1229118.853878185,0.0,3422288333333333.0,3.1461642361050528e-15
8.77e-06,885504.9686818455,0.0,3418386066134549.5,2.2717968143724924e-15
8.78e-06,1378451.0510783382,0.0,3414492687927107.0,3.544538335448965e-15
8.79e-06,700712.6176314886,0.0,3410608168373151.0,1.805913668446626e-15
8.8e-06,878512.8256691291,0.0,3406732477272727.0,2.2693043605459e-15
8.81e-06,968411.8072611947,0.0,3402865584562996.5,2.507212762289224e-15
8.82e-06,330828.25225880113,0.0,3399007460317460.0,8.584580113425522e-16
8.83e-06,559870.8798039192,0.0,3395158074745187.0,1.4560912216258557e-15
8.84e-06,620802.4117718748,0.0,3391317398190045.0,1.6182187261482146e-15
8.85e-06,1105258.0347957835,0.0,3387485401129943.5,2.8875500407115898e-15
8.86e-06,435061.1270269349,0.0,3383662054176072.5,1.1391922490312808e-15
8.87e-06,709702.5157906952,0.0,3379847328072153.5,1.8625283049853424e-15
8.88e-06,546386.0325651093,0.0,3376041193693694.0,1.4371589950505745e-15
8.89e-06,438557.198533293,0.0,3372243622047244.5,1.1561363685207538e-15
8.9e-06,732177.2611887114,0.0,3368454584269663.0,1.9345303496179955e-15
8.91e-06,1227620.537518317,0.0,3364674051627385.0,3.2508643694618195e-15
8.920000000000001e-06,1514298.4010394248,0.0,3360901995515694.5,4.0190227966463155e-15
8.930000000000001e-06,464577.95931632974,0.0,3357138387458006.5,1.235779017092044e-15
8.94e-06,566863.0228166354,0.0,3353383199105145.0,1.5112365999009772e-15
8.95e-06,5548764.919376933,0.0,3349636402234636.5,1.4825921403079152e-14
8.96e-06,522412.97080722527,0.0,3345897968750000.0,1.398972790608273e-15
8.97e-06,426520.7237756886,0.0,3342167870680044.5,1.1447333109241631e-15
8.98e-06,613310.8299725358,0.0,3338446080178173.5,1.6497289819518167e-15
8.99e-06,4333130.9127375595,0.0,3334732569521690.5,1.1681550497195658e-14
9e-06,3260835.837858866,0.0,3331027311111111.0,8.810351822345317e-15
9.01e-06,1486829.2677754392,0.0,3327330277469478.5,4.026150272297275e-15
9.02e-06,467974.14306536334,0.0,3323641441241685.0,1.2700307313753434e-15
9.03e-06,2688478.9883893817,0.0,3319960775193798.5,7.312425329404375e-15
9.04e-06,70670588.30709596,0.0,3316288252212389.5,1.9264372385902958e-13
9.05e-06,1115246.8105282353,0.0,3312623845303867.5,3.0468245435076547e-15
9.06e-06,847547.620898529,0.0,3308967527593819.0,2.3205974012457143e-15
9.07e-06,2455241.075036634,0.0,3305319272326351.0,6.737332982332104e-15
9.08e-06,512923.6338613961,0.0,3301679052863436.5,1.4105994316504853e-15
9.09e-06,1044326.5028278278,0.0,3298046842684268.5,2.878348417567864e-15
9.100000000000001e-06,1625173.8116696205,0.0,3294422615384615.0,4.489127052834708e-15
9.110000000000001e-06,8035970.076757414,0.0,3290806344676179.5,2.224612442409272e-14
9.12e-06,181046.56015068752,0.0,3287198004385964.5,5.022954584333588e-16
9.13e-06,2592087.302571223,0.0,3283597568455640.5,7.207264769539307e-15
9.14e-06,119415.81388146037,0.0,3280005010940919.0,3.3276185104468664e-16
9.15e-06,561369.1961637869,0.0,3276420306010929.0,1.5677256472483592e-15
9.16e-06,7296800.672555986,0.0,3272843427947598.0,2.042220950439032e-14
9.17e-06,9454376.230765559,0.0,3269274351145038.0,2.6518615669484986e-14
9.18e-06,380322.6360130994,0.0,3265713050108932.5,1.0690963183320083e-15
9.19e-06,322887.17555150203,0.0,3262159499455930.5,9.096223356991593e-16
9.2e-06,106380.46155061088,0.0,3258613673913043.5,3.0034252114653616e-16
9.21e-06,1005370.2774712661,0.0,3255075548317046.5,2.844622227062511e-15
9.22e-06,24322668.908519953,0.0,3251545097613883.0,6.896875196383451e-14
9.23e-06,108128497.30378991,0.0,3248022296858071.5,3.0727191469079735e-13
9.24e-06,43810770.362533264,0.0,3244507121212121.5,1.2476826310634605e-13
9.25e-06,91097.63467995974,0.0,3240999545945946.0,2.5999791386693435e-16
9.26e-06,70770.47606442047,0.0,3237499546436285.5,2.024199846075347e-16
9.270000000000001e-06,338869.21672336734,0.0,3234007098166127.0,9.713391293441898e-16
9.280000000000001e-06,533900.0628995447,0.0,3230522176724137.5,1.5336816504172416e-15
9.29e-06,491247.99052197585,0.0,3227044757804090.0,1.4142022111446068e-15
9.3e-06,443401.7547635321,0.0,3223574817204301.0,1.279212226529658e-15
9.31e-06,50393.37357021896,0.0,3220112330827067.5,1.4569749739700443e-16
9.32e-06,25741.075062528093,0.0,3216657274678111.5,7.458264872398294e-17
9.33e-06,28028504.705259547,0.0,3213209624866023.5,8.138465255312287e-14
9.34e-06,21695.620890885148,0.0,3209769357601713.0,6.313135822078955e-17
9.35e-06,538894.4507657706,0.0,3206336449197861.0,1.5714704911646105e-15
9.36e-06,43161.4999399239,0.0,3202910876068376.0,1.2613265091334474e-16
9.37e-06,587340.0130681614,0.0,3199492614727855.0,1.7200777076701531e-15
9.38e-06,918967.3673855588,0.0,3196081641791045.0,2.697025568234874e-15
9.39e-06,383918.595276782,0.0,3192677933972311.0,1.1291447757035953e-15
9.4e-06,52640.8481100206,0.0,3189281468085106.5,1.5515217994581504e-16
9.41e-06,31294.834369771255,0.0,3185892221041445.5,9.243388381898327e-17
9.42e-06,237882.69406833782,0.0,3182510169851380.0,7.041155749797299e-16
9.43e-06,41343.542756617695,0.0,3179135291622481.5,1.2263385242593235e-16
9.44e-06,891498.2341213165,0.0,3175767563559322.0,2.6499871800041526e-15
9.450000000000001e-06,13904375.819570448,0.0,3172406962962962.5,4.1418504318317113e-14
9.460000000000001e-06,72168.90466696372,0.0,3169053467230443.5,2.1543272942823836e-16
9.47e-06,68273.28213130754,0.0,3165707053854276.5,2.0423493734087131e-16
9.48e-06,318042.61932126293,0.0,3162367700421940.5,9.5341349165794e-16
9.49e-06,171107.72829689807,0.0,3159035384615384.5,5.140215742582648e-16
9.5e-06,35270367.11128704,0.0,3155710084210526.0,1.0617847603736769e-13
9.51e-06,6068181.257464424,0.0,3152391777076761.0,1.830622836226281e-14
9.52e-06,31804.261932126294,0.0,3149080441176470.5,9.614761491476144e-17
9.53e-06,43081.58973406429,0.0,3145776054564533.0,1.305139154994513e-16
9.54e-06,95792.35927421205,0.0,3142478595387840.5,2.908083793529215e-16
9.55e-06,1070796.7585188248,0.0,3139188041884816.5,3.257564984133561e-15
9.56e-06,211662.15777065206,0.0,3135904372384937.5,6.452652849067961e-16
9.57e-06,21141.243837734077,0.0,3132627565308255.0,6.458530396900417e-17
9.58e-06,140691.90619158256,0.0,3129357599164927.0,4.3070451957137485e-16
9.59e-06,39605.49577917109,0.0,3126094452554744.5,1.2149879355431898e-16
9.6e-06,155425.35039694884,0.0,3122838104166667.0,4.777972197213448e-16
9.61e-06,36064.47478201696,0.0,3119588532778356.0,1.1109785762243253e-16
9.62e-06,2235987.4477093187,0.0,3116345717255717.5,6.902379003670274e-15
9.630000000000001e-06,330928.1400160696,0.0,3113109636552440.0,1.0236831851138913e-15
9.640000000000001e-06,104632.42579743182,0.0,3109880269709543.5,3.2433936267953146e-16
9.65e-06,15128.000846798137,0.0,3106657595854922.0,4.6991084040411706e-17
9.66e-06,109526.92590633317,0.0,3103441594202898.5,3.409215453680634e-16
9.67e-06,387214.89126849116,0.0,3100232244053774.5,1.207770161654174e-15
9.68e-06,886503.8462550906,0.0,3097029524793388.5,2.7708348154419885e-15
9.69e-06,159620.63620457856,0.0,3093833415892672.5,4.999377008720056e-16
9.7e-06,75265.42514402374,0.0,3090643896907216.5,2.3622088090692376e-16
9.71e-06,62979.23099310813,0.0,3087460947476828.0,1.9806836210927316e-16
9.72e-06,46487.762258830335,0.0,3084284547325103.0,1.4650433260047775e-16
9.73e-06,81108858.947508,0.0,3081114676258993.0,2.5613756074715967e-13
9.74e-06,162417.49340966507,0.0,3077951314168378.0,5.139608214490421e-16
9.75e-06,83905716.1525945,0.0,3074794441025641.0,2.6606030034805e-13
9.76e-06,44395.113742881695,0.0,3071644036885246.0,1.410633214419933e-16
9.77e-06,1337996509.3619084,0.0,3068500081883316.5,4.26013542370273e-12
9.78e-06,107978.66566780314,0.0,3065362556237219.0,3.445045507202286e-16
9.79e-06,215707.611942295,0.0,3062231440245148.5,6.896204817053308e-16
9.800000000000001e-06,3791739.268038032,0.0,3059106714285714.0,1.2147024702748617e-14
9.810000000000001e-06,887502.7238283358,0.0,3055988358817533.0,2.8489642951797046e-15
9.820000000000001e-06,22999.156123970093,0.0,3052876354378818.5,7.397997393947561e-17
9.83e-06,59133.55233611421,0.0,3049770681586978.5,1.9059886140735227e-16
9.84e-06,1245600.33383673,0.0,3046671321138211.0,4.0229831160042625e-15
9.85e-06,21930.35712059776,0.0,3043578253807106.5,7.097370253834726e-17
9.86e-06,463279.41847111104,0.0,3040491460446247.5,1.5023673394743649e-15
9.87e-06,325084.7062126414,0.0,3037410921985815.5,1.056355604404373e-15
9.88e-06,234386.62256197975,0.0,3034336619433198.5,7.631782894756518e-16
9.89e-06,134748.58463077375,0.0,3031268533872598.5,4.396388795999567e-16
9.9e-06,64377659.59565137,0.0,3028206646464646.5,2.1046741666095522e-13
9.91e-06,445849.0048179827,0.0,3025150938446014.0,1.4605432018594989e-15
9.92e-06,126457900.77283885,0.0,3022101391129032.5,4.150960584409461e-13
9.93e-06,2883260.1151721906,0.0,3019057985901309.0,9.483346486673201e-15
9.94e-06,4503439.53897586,0.0,3016020704225352.0,1.4842135849633525e-14
9.95e-06,14283949.297405966,0.0,3012989527638191.0,4.717085612328626e-14
9.96e-06,1198153.6491075843,0.0,3009964437751004.0,3.964701441465579e-15
9.97e-06,23963072.982151687,0.0,3006945416248746.5,7.945333371900774e-14
9.980000000000001e-06,430765.9534619077,0.0,3003932444889779.5,1.4311387803887781e-15
9.990000000000001e-06,4522418.212867519,0.0,3000925505505505.0,1.5055008151205716e-14
1e-05,788613.8440770637,0.0,2997924580000000.0,2.6305326336030233e-15
1.001e-05,125858.57422889175,0.0,2994929650349650.0,4.2065907220362356e-16
1.002e-05,61530.85851190264,0.0,2991940698602794.0,2.0606665184814057e-16
1.003e-05,70271.03727779788,0.0,2988957706879362.0,2.3580745297068204e-16
1.004e-05,10787.877791047864,0.0,2985980657370518.0,3.627293859214065e-17
1.005e-05,141590.8960075032,0.0,2983009532338308.5,4.770311624716671e-16
1.006e-05,3259836.9602856203,0.0,2980044314115308.0,1.1004520860693627e-14
1.007e-05,260707.04661699003,0.0,2977084985104270.0,8.818424642120654e-16
1.008e-05,330228.92571485403,0.0,2974131527777778.0,1.119220027801825e-15
1.009e-05,89948.92547072779,0.0,2971183924677899.0,3.0546229415872764e-16
1.01e-05,8450504.26965416,0.0,2968242158415841.5,2.8754423853698843e-14
1.011e-05,12485.969665564657,0.0,2965306211671612.5,4.257002289409366e-17
1.012e-05,3110504.7630854673,0.0,2962376067193676.0,1.0626033794637364e-14
1.013e-05,100836.69101910015,0.0,2959451707798618.0,3.451570699166121e-16
1.014e-05,902485.8874270134,0.0,2956533116370809.0,3.0952492457595627e-15
1.015e-05,2624550.8237016904,0.0,2953620275862069.0,9.019165760160897e-15
1.0160000000000001e-05,6882266.479658073,0.0,2950713169291338.5,2.369726348227855e-14
1.0170000000000001e-05,524410.7259537156,0.0,2947811779744346.0,1.809225785579778e-15
1.018e-05,536397.2568326576,0.0,2944916090373280.5,1.8542205981374192e-15
1.019e-05,50892.81235684153,0.0,2942026084396467.0,1.762723181370438e-16
1.02e-05,524910.1647403382,0.0,2939141745098039.0,1.8216486800206557e-15
1.021e-05,10323399.71948886,0.0,2936263055827620.0,3.589661727575443e-14
1.022e-05,153477.53912912076,0.0,2933390000000000.0,5.347193690234215e-16
1.023e-05,17979.796318413108,0.0,2930522561094819.0,6.276468189640899e-17
1.024e-05,374479.20220961515,0.0,2927660722656250.0,1.3098058121800698e-15
1.025e-05,93395.05309842364,0.0,2924804468292683.0,3.273036897463623e-16
1.026e-05,341216579.0205509,0.0,2921953781676413.0,1.1981305531610055e-12
1.027e-05,99887.75732451725,0.0,2919108646543330.0,3.5142483269252477e-16
1.028e-05,212061.70879995017,0.0,2916269046692607.0,7.475285481412829e-16
1.029e-05,208965.1883228901,0.0,2913434965986394.5,7.380469490296426e-16
1.03e-05,28403.08379522648,0.0,2910606388349514.5,1.0051230707863829e-16
1.031e-05,1144713.698938968,0.0,2907783297769156.5,4.058761271899189e-15
1.032e-05,307953955.8314867,0.0,2904965678294574.0,1.094018028483803e-12
1.0330000000000001e-05,371083.01846051874,0.0,2902153514036786.0,1.3208424579047167e-15
1.0340000000000001e-05,1098265.891783067,0.0,2899346789168278.5,3.9167682056738634e-15
1.0350000000000001e-05,268448.3478096401,0.0,2896545487922705.0,9.592255365623034e-16
1.036e-05,23683387.26164304,0.0,2893749594594594.5,8.478960739690268e-14
1.037e-05,46043261.73873623,0.0,2890959093539055.0,1.651592460432178e-13
1.038e-05,153127931.97848496,0.0,2888173969171483.5,5.503366316928051e-13
1.039e-05,17125.755993288483,0.0,2885394205967276.0,6.166803981316561e-17
1.04e-05,835061.6512329642,0.0,2882619788461538.5,3.0127598539305954e-15
1.041e-05,22599.605094672028,0.0,2879850701248799.0,8.169239083592717e-17
1.042e-05,16516.440673608926,0.0,2877086928982725.5,5.981790473041294e-17
1.043e-05,206218.2749964659,0.0,2874328456375839.0,7.48298825571624e-16
1.044e-05,55637.4808297561,0.0,2871575268199233.5,2.0227758133148583e-16
1.045e-05,138344.5438944564,0.0,2868827349282296.5,5.039342935916812e-16
1.046e-05,546885.4713517319,0.0,2866084684512428.5,1.9959012590419187e-15
1.047e-05,11557.013522446645,0.0,2863347258834766.0,4.225890911647855e-17
1.048e-05,251067.87803517413,0.0,2860615057251908.5,9.19799172257842e-16
1.049e-05,342015.68107914703,0.0,2857888064823641.5,1.2553831406765225e-15
1.05e-05,382370.335038252,0.0,2855166266666667.0,1.4061837885850778e-15
1.0510000000000001e-05,41423.45296247029,0.0,2852449647954329.0,1.526268801792127e-16
1.0520000000000001e-05,76663.85374656698,0.0,2849738193916349.5,2.8300976669913646e-16
1.053e-05,79760.37422362702,0.0,2847031889838556.5,2.950008194753374e-16
1.054e-05,26040.738334501646,0.0,2844330721062618.5,9.649700016006152e-17
1.055e-05,163865.86589087054,0.0,2841634672985782.0,6.083768971372396e-16
1.056e-05,163366.42710424797,0.0,2838943731060606.0,6.076730057542764e-16
1.057e-05,88051.05808156196,0.0,2836257880794702.0,3.281435338528998e-16
1.058e-05,44245.28210689492,0.0,2833577107750472.5,1.6520287498460795e-16
1.059e-05,17550.278961917684,0.0,2830901397544853.5,6.565310058764189e-17
1.06e-05,130003.9161578592,0.0,2828230735849056.5,4.872450800445773e-16
1.061e-05,313647.5579989842,0.0,2825565108388313.0,1.1777469152948954e-15
1.062e-05,540892.205912261,0.0,2822904500941619.5,2.0348811746455216e-15
1.063e-05,30620592.007830765,0.0,2820248899341486.5,1.154142434446984e-13
1.064e-05,577850.6761223323,0.0,2817598289473684.5,2.1821177337135943e-15
1.065e-05,13779.516122917154,0.0,2814952657276995.5,5.2132971518968995e-17
1.066e-05,12520930.380628238,0.0,2812311988742964.5,4.746028121764551e-14
1.067e-05,456786.71424501744,0.0,2809676269915651.5,1.734688901059998e-15
1.068e-05,605319.8093865745,0.0,2807045486891386.0,2.3030676184047038e-15
1.0690000000000001e-05,700213.1788447474,0.0,2804419625818521.5,2.6691008766798345e-15
1.0700000000000001e-05,120564.52309069232,0.0,2801798672897196.0,4.604329388651054e-16
1.071e-05,57135.797189623874,0.0,2799182614379085.0,2.1860824111920576e-16
1.072e-05,74616.15472141438,0.0,2796571436567164.0,2.8602351012904356e-16
1.073e-05,46447807.155900516,0.0,2793965125815470.5,1.7837909506381174e-13
1.074e-05,4723692.04387642,0.0,2791363668528864.0,1.8174791455235332e-14
1.075e-05,102584.72677227922,0.0,2788767051162790.5,3.9543848323300773e-16
1.076e-05,14278.954909539741,0.0,2786175260223048.0,5.5144253493352676e-17
1.077e-05,13085296.20951176,0.0,2783588282265552.5,5.0628406892753676e-14
1.078e-05,10623.06299146241,0.0,2781006103896104.0,4.117812574648093e-17
1.079e-05,11611951.788975129,0.0,2778428711770157.5,4.5094898160340626e-14
1.08e-05,50443.317448881215,0.0,2775856092592592.5,1.9625939179689118e-16
1.081e-05,116768.78831236066,0.0,2773288233117484.0,4.551530513788992e-16
1.082e-05,71219.9709723808,0.0,2770725120147874.5,2.781221710943427e-16
1.083e-05,676240.1170869819,0.0,2768166740535549.5,2.645678947300379e-15
1.084e-05,3896621.413229418,0.0,2765613081180812.0,1.5273060576272757e-14
1.085e-05,14653533.99950668,0.0,2763064129032258.0,5.754149613253195e-14
1.0860000000000001e-05,19333275.430157043,0.0,2760519871086556.0,7.605790973309107e-14
1.0870000000000001e-05,89149.82341213166,0.0,2757980294388224.0,3.513653025228841e-16
1.0880000000000001e-05,66974.74128608883,0.0,2755445386029411.5,2.6445277735759427e-16
1.089e-05,150980.34519600784,0.0,2752915133149678.5,5.972490540612427e-16
1.09e-05,69421.99134053949,0.0,2750389522935779.5,2.7512455937665714e-16
1.091e-05,25641.18730520358,0.0,2747868542621448.0,1.0180448924710783e-16
1.092e-05,16496.46312214402,0.0,2745352179487179.5,6.561685551303746e-17
1.093e-05,124859.69665564658,0.0,2742840420860018.0,4.975559183345818e-16
1.094e-05,20357.124942736617,0.0,2740333254113345.5,8.127002310366702e-17
1.095e-05,51342.30726480188,0.0,2737830666666666.5,2.0534442520291516e-16
1.096e-05,91297.41019460876,0.0,2735332645985401.5,3.658127713283807e-16
1.097e-05,574354.6046159742,0.0,2732839179580674.5,2.305539989222494e-15
1.098e-05,416382.11640725017,0.0,2730350255009107.5,1.6744648895371691e-15
1.099e-05,3880639.372057495,0.0,2727865859872611.5,1.56342829485404e-14
