#Planet: 0.8000 Mjup, 1.5000 Rjup, 0.050 au 
#Star: 1.000 Msun, 1.778 Lsun 
#Spectrum: 1096 ergs/s/cm2, scaled-solar, [0.620,91.165] nm
#HD189733b w/ 10xZ_solar H,He,C,N,O,Ne,MgII,SiII,Ca. Scaled solar spectrum.
r,r/Rp,v,T,rho
11289774266.2,1.053,1.19792e+00,1.53482e+03,2.15701e-11
11292769211.6,1.053,1.24956e+00,1.53471e+03,2.06678e-11
11295764157.1,1.053,1.30322e+00,1.53482e+03,1.98062e-11
11298759102.5,1.054,1.35932e+00,1.53471e+03,1.89788e-11
11301754048.0,1.054,1.41764e+00,1.53481e+03,1.81884e-11
11304748993.5,1.054,1.47858e+00,1.53470e+03,1.74295e-11
11307743938.9,1.054,1.54195e+00,1.53481e+03,1.67042e-11
11310738884.4,1.055,1.60815e+00,1.53469e+03,1.60082e-11
11313733829.9,1.055,1.67701e+00,1.53481e+03,1.53427e-11
11316728775.3,1.055,1.74891e+00,1.53469e+03,1.47042e-11
11319723720.8,1.056,1.82373e+00,1.53480e+03,1.40935e-11
11322718666.2,1.056,1.90181e+00,1.53468e+03,1.35077e-11
11325713611.7,1.056,1.98309e+00,1.53480e+03,1.29472e-11
11328708557.2,1.056,2.06788e+00,1.53468e+03,1.24097e-11
11331703502.6,1.057,2.15617e+00,1.53479e+03,1.18953e-11
11334698448.1,1.057,2.24824e+00,1.53467e+03,1.14021e-11
11337693393.6,1.057,2.34413e+00,1.53479e+03,1.09300e-11
11340688339.0,1.058,2.44409e+00,1.53466e+03,1.04774e-11
11343683284.5,1.058,2.54823e+00,1.53478e+03,1.00439e-11
11346678229.9,1.058,2.65675e+00,1.53466e+03,9.62856e-12
11349673175.4,1.058,2.76983e+00,1.53477e+03,9.23060e-12
11352668120.9,1.059,2.88762e+00,1.53465e+03,8.84938e-12
11355663066.3,1.059,3.01040e+00,1.53477e+03,8.48398e-12
11358658011.8,1.059,3.13825e+00,1.53464e+03,8.13404e-12
11361652957.3,1.059,3.27155e+00,1.53476e+03,7.79853e-12
11364647902.7,1.060,3.41031e+00,1.53464e+03,7.47727e-12
11367642848.2,1.060,3.55499e+00,1.53475e+03,7.16917e-12
11370637793.6,1.060,3.70557e+00,1.53463e+03,6.87422e-12
11373632739.1,1.061,3.86261e+00,1.53474e+03,6.59126e-12
11376627684.6,1.061,4.02600e+00,1.53462e+03,6.32044e-12
11379622630.0,1.061,4.19643e+00,1.53473e+03,6.06056e-12
11382617575.5,1.061,4.37370e+00,1.53462e+03,5.81186e-12
11385612520.9,1.062,4.55862e+00,1.53472e+03,5.57316e-12
11388607466.4,1.062,4.75094e+00,1.53461e+03,5.34475e-12
11391602411.9,1.062,4.95157e+00,1.53471e+03,5.12549e-12
11394597357.3,1.063,5.16018e+00,1.53460e+03,4.91569e-12
11397592302.8,1.063,5.37782e+00,1.53470e+03,4.71427e-12
11400587248.3,1.063,5.60409e+00,1.53459e+03,4.52156e-12
11403582193.7,1.063,5.84015e+00,1.53469e+03,4.33651e-12
11406577139.2,1.064,6.08554e+00,1.53459e+03,4.15947e-12
11409572084.6,1.064,6.34154e+00,1.53467e+03,3.98945e-12
11412567030.1,1.064,6.60763e+00,1.53458e+03,3.82679e-12
11415561975.6,1.065,6.88523e+00,1.53466e+03,3.67057e-12
11418556921.0,1.065,7.17373e+00,1.53457e+03,3.52111e-12
11421551866.5,1.065,7.47468e+00,1.53464e+03,3.37757e-12
11424546812.0,1.065,7.78745e+00,1.53456e+03,3.24021e-12
11427541757.4,1.066,8.11367e+00,1.53463e+03,3.10830e-12
11430536702.9,1.066,8.45270e+00,1.53455e+03,2.98207e-12
11433531648.3,1.066,8.80625e+00,1.53461e+03,2.86085e-12
11436526593.8,1.066,9.17368e+00,1.53454e+03,2.74482e-12
11439521539.3,1.067,9.55678e+00,1.53459e+03,2.63341e-12
11442516484.7,1.067,9.95495e+00,1.53453e+03,2.52676e-12
11445511430.2,1.067,1.03700e+01,1.53458e+03,2.42436e-12
11448506375.7,1.068,1.08014e+01,1.53452e+03,2.32632e-12
11451501321.1,1.068,1.12509e+01,1.53456e+03,2.23219e-12
11454496266.6,1.068,1.17182e+01,1.53451e+03,2.14206e-12
11457491212.0,1.068,1.22051e+01,1.53454e+03,2.05554e-12
11460486157.5,1.069,1.27112e+01,1.53449e+03,1.97267e-12
11463481103.0,1.069,1.32383e+01,1.53452e+03,1.89313e-12
11466476048.4,1.069,1.37862e+01,1.53448e+03,1.81694e-12
11469470993.9,1.070,1.43568e+01,1.53450e+03,1.74382e-12
11472465939.3,1.070,1.49499e+01,1.53446e+03,1.67376e-12
11475460884.8,1.070,1.55674e+01,1.53447e+03,1.60653e-12
11478455830.3,1.070,1.62092e+01,1.53444e+03,1.54211e-12
11481450775.7,1.071,1.68772e+01,1.53445e+03,1.48030e-12
11484445721.2,1.071,1.75716e+01,1.53442e+03,1.42106e-12
11487440666.7,1.071,1.82940e+01,1.53443e+03,1.36423e-12
11490435612.1,1.071,1.90449e+01,1.53440e+03,1.30976e-12
11493430557.6,1.072,1.98259e+01,1.53440e+03,1.25751e-12
11496425503.0,1.072,2.06376e+01,1.53438e+03,1.20742e-12
11499420448.5,1.072,2.14816e+01,1.53438e+03,1.15938e-12
11502415394.0,1.073,2.23586e+01,1.53436e+03,1.11332e-12
11505410339.4,1.073,2.32703e+01,1.53435e+03,1.06915e-12
11508405284.9,1.073,2.42174e+01,1.53434e+03,1.02680e-12
11511400230.4,1.073,2.52015e+01,1.53433e+03,9.86191e-13
11514395175.8,1.074,2.62237e+01,1.53432e+03,9.47258e-13
11517390121.3,1.074,2.72854e+01,1.53431e+03,9.09924e-13
11520385066.7,1.074,2.83878e+01,1.53431e+03,8.74133e-13
11523380012.2,1.075,2.95324e+01,1.53430e+03,8.39817e-13
11526374957.7,1.075,3.07204e+01,1.53430e+03,8.06921e-13
11529369903.1,1.075,3.19533e+01,1.53430e+03,7.75384e-13
11532364848.6,1.075,3.32323e+01,1.53430e+03,7.45155e-13
11535359794.1,1.076,3.45588e+01,1.53431e+03,7.16180e-13
11538354739.5,1.076,3.59342e+01,1.53431e+03,6.88410e-13
11541349685.0,1.076,3.73599e+01,1.53433e+03,6.61796e-13
11544344630.4,1.077,3.88370e+01,1.53435e+03,6.36295e-13
11547339575.9,1.077,4.03669e+01,1.53437e+03,6.11862e-13
11550334521.4,1.077,4.19508e+01,1.53440e+03,5.88455e-13
11553329466.8,1.077,4.35899e+01,1.53444e+03,5.66034e-13
11556324412.3,1.078,4.52851e+01,1.53448e+03,5.44562e-13
11559319357.7,1.078,4.70375e+01,1.53453e+03,5.24002e-13
11562314303.2,1.078,4.88480e+01,1.53460e+03,5.04320e-13
11565309248.7,1.078,5.07173e+01,1.53467e+03,4.85481e-13
11568304194.1,1.079,5.26459e+01,1.53476e+03,4.67453e-13
11571299139.6,1.079,5.46344e+01,1.53486e+03,4.50207e-13
11574294085.1,1.079,5.66829e+01,1.53498e+03,4.33711e-13
11577289030.5,1.080,5.87916e+01,1.53511e+03,4.17939e-13
11580283976.0,1.080,6.09602e+01,1.53527e+03,4.02863e-13
11583278921.4,1.080,6.31885e+01,1.53545e+03,3.88455e-13
11586273866.9,1.080,6.54758e+01,1.53566e+03,3.74691e-13
11589268812.4,1.081,6.78213e+01,1.53589e+03,3.61546e-13
11592263757.8,1.081,7.02240e+01,1.53617e+03,3.48995e-13
11595258703.3,1.081,7.26827e+01,1.53648e+03,3.37015e-13
11598253648.8,1.082,7.51959e+01,1.53684e+03,3.25583e-13
11601248594.2,1.082,7.77623e+01,1.53725e+03,3.14676e-13
11604243539.7,1.082,8.03800e+01,1.53773e+03,3.04270e-13
11607238485.1,1.082,8.30474e+01,1.53829e+03,2.94345e-13
11610233430.6,1.083,8.57630e+01,1.53893e+03,2.84878e-13
11613228376.1,1.083,8.85250e+01,1.53967e+03,2.75847e-13
11616223321.5,1.083,9.13324e+01,1.54053e+03,2.67231e-13
11619218267.0,1.083,9.41839e+01,1.54154e+03,2.59006e-13
11622213212.4,1.084,9.70790e+01,1.54271e+03,2.51153e-13
11625208157.9,1.084,1.00018e+02,1.54407e+03,2.43648e-13
11628203103.4,1.084,1.03001e+02,1.54567e+03,2.36470e-13
11631198048.8,1.085,1.06029e+02,1.54754e+03,2.29597e-13
11634192994.3,1.085,1.09106e+02,1.54974e+03,2.23007e-13
11637187939.8,1.085,1.12235e+02,1.55232e+03,2.16679e-13
11640182885.2,1.085,1.15421e+02,1.55534e+03,2.10590e-13
11643177830.7,1.086,1.18670e+02,1.55890e+03,2.04719e-13
11646172776.1,1.086,1.21991e+02,1.56309e+03,1.99042e-13
11649167721.6,1.086,1.25396e+02,1.56800e+03,1.93539e-13
11652162667.1,1.087,1.28896e+02,1.57378e+03,1.88186e-13
11655157612.5,1.087,1.32507e+02,1.58057e+03,1.82963e-13
11658152558.0,1.087,1.36248e+02,1.58852e+03,1.77848e-13
11661147503.5,1.087,1.40140e+02,1.59781e+03,1.72821e-13
11664142448.9,1.088,1.44205e+02,1.60864e+03,1.67862e-13
11667137394.4,1.088,1.48471e+02,1.62121e+03,1.62956e-13
11670132339.8,1.088,1.52964e+02,1.63570e+03,1.58088e-13
11673127285.3,1.089,1.57710e+02,1.65231e+03,1.53252e-13
11676122230.8,1.089,1.62736e+02,1.67116e+03,1.48443e-13
11679117176.2,1.089,1.68060e+02,1.69234e+03,1.43666e-13
11682112121.7,1.089,1.73697e+02,1.71586e+03,1.38933e-13
11685107067.2,1.090,1.79650e+02,1.74163e+03,1.34260e-13
11688102012.6,1.090,1.85916e+02,1.76950e+03,1.29668e-13
11691096958.1,1.090,1.92481e+02,1.79924e+03,1.25182e-13
11694091903.5,1.090,1.99326e+02,1.83058e+03,1.20821e-13
11697086849.0,1.091,2.06428e+02,1.86323e+03,1.16604e-13
11700081794.5,1.091,2.13765e+02,1.89694e+03,1.12545e-13
11703076739.9,1.091,2.21318e+02,1.93150e+03,1.08648e-13
11706071685.4,1.092,2.29069e+02,1.96673e+03,1.04918e-13
11709066630.8,1.092,2.37008e+02,2.00252e+03,1.01352e-13
11712061576.3,1.092,2.45125e+02,2.03876e+03,9.79457e-14
11715056521.8,1.092,2.53414e+02,2.07540e+03,9.46936e-14
11718051467.2,1.093,2.61870e+02,2.11240e+03,9.15890e-14
11721046412.7,1.093,2.70490e+02,2.14971e+03,8.86248e-14
11724041358.2,1.093,2.79271e+02,2.18732e+03,8.57942e-14
11727036303.6,1.094,2.88211e+02,2.22519e+03,8.30905e-14
11730031249.1,1.094,2.97308e+02,2.26331e+03,8.05071e-14
11733026194.5,1.094,3.06558e+02,2.30166e+03,7.80379e-14
11736021140.0,1.094,3.15961e+02,2.34023e+03,7.56770e-14
11739016085.5,1.095,3.25513e+02,2.37898e+03,7.34188e-14
11742011030.9,1.095,3.35212e+02,2.41791e+03,7.12581e-14
11745005976.4,1.095,3.45056e+02,2.45700e+03,6.91898e-14
11748000921.9,1.096,3.55044e+02,2.49623e+03,6.72092e-14
11750995867.3,1.096,3.65172e+02,2.53559e+03,6.53119e-14
11753990812.8,1.096,3.75438e+02,2.57507e+03,6.34935e-14
11756985758.2,1.096,3.85841e+02,2.61465e+03,6.17502e-14
11759980703.7,1.097,3.96378e+02,2.65433e+03,6.00780e-14
11762975649.2,1.097,4.07048e+02,2.69408e+03,5.84734e-14
11765970594.6,1.097,4.17848e+02,2.73390e+03,5.69331e-14
11768965540.1,1.097,4.28776e+02,2.77378e+03,5.54538e-14
11771960485.6,1.098,4.39830e+02,2.81371e+03,5.40326e-14
11774955431.0,1.098,4.51008e+02,2.85367e+03,5.26666e-14
11777950376.5,1.098,4.62309e+02,2.89366e+03,5.13530e-14
11780945321.9,1.099,4.73731e+02,2.93368e+03,5.00895e-14
11783940267.4,1.099,4.85271e+02,2.97370e+03,4.88735e-14
11786935212.9,1.099,4.96928e+02,3.01373e+03,4.77027e-14
11789930158.3,1.099,5.08700e+02,3.05376e+03,4.65752e-14
11792925103.8,1.100,5.20585e+02,3.09378e+03,4.54887e-14
11795920049.2,1.100,5.32582e+02,3.13378e+03,4.44414e-14
11798914994.7,1.100,5.44689e+02,3.17376e+03,4.34316e-14
11801909940.2,1.101,5.56904e+02,3.21371e+03,4.24574e-14
11804904885.6,1.101,5.69226e+02,3.25363e+03,4.15172e-14
11807899831.1,1.101,5.81653e+02,3.29350e+03,4.06096e-14
11810894776.6,1.101,5.94184e+02,3.33334e+03,3.97330e-14
11813889722.0,1.102,6.06817e+02,3.37313e+03,3.88861e-14
11816884667.5,1.102,6.19551e+02,3.41286e+03,3.80676e-14
11819879612.9,1.102,6.32384e+02,3.45254e+03,3.72762e-14
11822874558.4,1.102,6.45314e+02,3.49216e+03,3.65107e-14
11825869503.9,1.103,6.58342e+02,3.53171e+03,3.57701e-14
11828864449.3,1.103,6.71464e+02,3.57119e+03,3.50533e-14
11831859394.8,1.103,6.84680e+02,3.61061e+03,3.43593e-14
11834854340.3,1.104,6.97989e+02,3.64995e+03,3.36871e-14
11837849285.7,1.104,7.11388e+02,3.68921e+03,3.30358e-14
11840844231.2,1.104,7.24878e+02,3.72839e+03,3.24046e-14
11843839176.6,1.104,7.38457e+02,3.76749e+03,3.17927e-14
11846834122.1,1.105,7.52123e+02,3.80651e+03,3.11992e-14
11849829067.6,1.105,7.65876e+02,3.84544e+03,3.06235e-14
11852824013.0,1.105,7.79714e+02,3.88428e+03,3.00648e-14
11855818958.5,1.106,7.93636e+02,3.92303e+03,2.95225e-14
11858813904.0,1.106,8.07641e+02,3.96168e+03,2.89959e-14
11861808849.4,1.106,8.21729e+02,4.00024e+03,2.84844e-14
11864803794.9,1.106,8.35897e+02,4.03871e+03,2.79875e-14
11867798740.3,1.107,8.50145e+02,4.07707e+03,2.75045e-14
11870793685.8,1.107,8.64473e+02,4.11534e+03,2.70350e-14
11873788631.3,1.107,8.78878e+02,4.15351e+03,2.65785e-14
11876783576.7,1.108,8.93360e+02,4.19158e+03,2.61344e-14
11879778522.2,1.108,9.07919e+02,4.22954e+03,2.57024e-14
11882773467.6,1.108,9.22553e+02,4.26740e+03,2.52820e-14
11885768413.1,1.108,9.37261e+02,4.30515e+03,2.48727e-14
11888763358.6,1.109,9.52042e+02,4.34280e+03,2.44742e-14
11891758304.0,1.109,9.66896e+02,4.38034e+03,2.40861e-14
11894753249.5,1.109,9.81821e+02,4.41777e+03,2.37080e-14
11897748195.0,1.109,9.96817e+02,4.45509e+03,2.33395e-14
11900743140.4,1.110,1.01188e+03,4.49231e+03,2.29805e-14
11903738085.9,1.110,1.02702e+03,4.52941e+03,2.26304e-14
11906733031.3,1.110,1.04222e+03,4.56641e+03,2.22891e-14
11909727976.8,1.111,1.05749e+03,4.60329e+03,2.19561e-14
11912722922.3,1.111,1.07283e+03,4.64007e+03,2.16313e-14
11915717867.7,1.111,1.08824e+03,4.67673e+03,2.13144e-14
11918712813.2,1.111,1.10371e+03,4.71328e+03,2.10051e-14
11921707758.7,1.112,1.11924e+03,4.74971e+03,2.07032e-14
11924702704.1,1.112,1.13484e+03,4.78603e+03,2.04084e-14
11927697649.6,1.112,1.15050e+03,4.82224e+03,2.01205e-14
11930692595.0,1.113,1.16622e+03,4.85834e+03,1.98392e-14
11933687540.5,1.113,1.18201e+03,4.89432e+03,1.95645e-14
11936682486.0,1.113,1.19785e+03,4.93019e+03,1.92960e-14
11939677431.4,1.113,1.21376e+03,4.96594e+03,1.90335e-14
11942672376.9,1.114,1.22973e+03,5.00157e+03,1.87770e-14
11945667322.3,1.114,1.24575e+03,5.03710e+03,1.85262e-14
11948662267.8,1.114,1.26183e+03,5.07250e+03,1.82809e-14
11951657213.3,1.114,1.27797e+03,5.10779e+03,1.80409e-14
11954652158.7,1.115,1.29417e+03,5.14296e+03,1.78062e-14
11957647104.2,1.115,1.31042e+03,5.17802e+03,1.75766e-14
11960642049.7,1.115,1.32673e+03,5.21296e+03,1.73518e-14
11963636995.1,1.116,1.34310e+03,5.24778e+03,1.71318e-14
11966631940.6,1.116,1.35951e+03,5.28248e+03,1.69165e-14
11969626886.0,1.116,1.37599e+03,5.31706e+03,1.67056e-14
11972621831.5,1.116,1.39251e+03,5.35153e+03,1.64991e-14
11975616777.0,1.117,1.40908e+03,5.38587e+03,1.62969e-14
11978611722.4,1.117,1.42571e+03,5.42010e+03,1.60988e-14
11981606667.9,1.117,1.44239e+03,5.45420e+03,1.59047e-14
11984601613.4,1.118,1.45911e+03,5.48818e+03,1.57145e-14
11987596558.8,1.118,1.47589e+03,5.52204e+03,1.55282e-14
11990591504.3,1.118,1.49271e+03,5.55577e+03,1.53455e-14
11993586449.7,1.118,1.50958e+03,5.58938e+03,1.51664e-14
11996581395.2,1.119,1.52649e+03,5.62286e+03,1.49909e-14
11999576340.7,1.119,1.54345e+03,5.65621e+03,1.48188e-14
12002571286.1,1.119,1.56046e+03,5.68944e+03,1.46500e-14
12005566231.6,1.120,1.57750e+03,5.72253e+03,1.44844e-14
12008561177.1,1.120,1.59459e+03,5.75550e+03,1.43220e-14
12011556122.5,1.120,1.61173e+03,5.78833e+03,1.41627e-14
12014551068.0,1.120,1.62890e+03,5.82102e+03,1.40065e-14
12017546013.4,1.121,1.64611e+03,5.85358e+03,1.38531e-14
12020540958.9,1.121,1.66335e+03,5.88599e+03,1.37026e-14
12023535904.4,1.121,1.68064e+03,5.91827e+03,1.35550e-14
12026530849.8,1.121,1.69796e+03,5.95039e+03,1.34100e-14
12029525795.3,1.122,1.71531e+03,5.98238e+03,1.32678e-14
12032520740.7,1.122,1.73269e+03,6.01421e+03,1.31281e-14
12035515686.2,1.122,1.75011e+03,6.04588e+03,1.29910e-14
12038510631.7,1.123,1.76755e+03,6.07741e+03,1.28564e-14
12041505577.1,1.123,1.78503e+03,6.10877e+03,1.27242e-14
12044500522.6,1.123,1.80253e+03,6.13996e+03,1.25944e-14
12047495468.1,1.123,1.82005e+03,6.17099e+03,1.24670e-14
12050490413.5,1.124,1.83759e+03,6.20185e+03,1.23418e-14
12053485359.0,1.124,1.85516e+03,6.23253e+03,1.22189e-14
12056480304.4,1.124,1.87274e+03,6.26304e+03,1.20981e-14
12059475249.9,1.125,1.89034e+03,6.29335e+03,1.19795e-14
12062470195.4,1.125,1.90796e+03,6.32348e+03,1.18630e-14
12065465140.8,1.125,1.92559e+03,6.35342e+03,1.17486e-14
12068460086.3,1.125,1.94323e+03,6.38315e+03,1.16362e-14
12071455031.8,1.126,1.96087e+03,6.41268e+03,1.15257e-14
12074449977.2,1.126,1.97852e+03,6.44200e+03,1.14173e-14
12077444922.7,1.126,1.99617e+03,6.47110e+03,1.13107e-14
12080439868.1,1.127,2.01383e+03,6.49998e+03,1.12060e-14
12083434813.6,1.127,2.03148e+03,6.52863e+03,1.11031e-14
12086429759.1,1.127,2.04912e+03,6.55704e+03,1.10020e-14
12089424704.5,1.127,2.06676e+03,6.58521e+03,1.09028e-14
12092419650.0,1.128,2.08438e+03,6.61314e+03,1.08052e-14
12095414595.5,1.128,2.10199e+03,6.64081e+03,1.07094e-14
12098409540.9,1.128,2.11959e+03,6.66822e+03,1.06152e-14
12101404486.4,1.128,2.13716e+03,6.69536e+03,1.05227e-14
12104399431.8,1.129,2.15472e+03,6.72222e+03,1.04318e-14
12107394377.3,1.129,2.17224e+03,6.74881e+03,1.03425e-14
12110389322.8,1.129,2.18974e+03,6.77510e+03,1.02548e-14
12113384268.2,1.130,2.20721e+03,6.80110e+03,1.01686e-14
12116379213.7,1.130,2.22464e+03,6.82679e+03,1.00840e-14
12119374159.1,1.130,2.24203e+03,6.85218e+03,1.00008e-14
12122369104.6,1.130,2.25938e+03,6.87725e+03,9.91912e-15
12125364050.1,1.131,2.27668e+03,6.90200e+03,9.83886e-15
12128358995.5,1.131,2.29394e+03,6.92642e+03,9.76002e-15
12131353941.0,1.131,2.31115e+03,6.95050e+03,9.68257e-15
12134348886.5,1.132,2.32830e+03,6.97424e+03,9.60650e-15
12137343831.9,1.132,2.34540e+03,6.99763e+03,9.53177e-15
12140338777.4,1.132,2.36243e+03,7.02067e+03,9.45836e-15
12143333722.8,1.132,2.37941e+03,7.04335e+03,9.38626e-15
12146328668.3,1.133,2.39631e+03,7.06567e+03,9.31543e-15
12149323613.8,1.133,2.41316e+03,7.08762e+03,9.24586e-15
12152318559.2,1.133,2.42993e+03,7.10920e+03,9.17752e-15
12155313504.7,1.133,2.44662e+03,7.13040e+03,9.11040e-15
12158308450.2,1.134,2.46325e+03,7.15122e+03,9.04446e-15
12161303395.6,1.134,2.47979e+03,7.17166e+03,8.97968e-15
12164298341.1,1.134,2.49626e+03,7.19172e+03,8.91606e-15
12167293286.5,1.135,2.51265e+03,7.21139e+03,8.85355e-15
12170288232.0,1.135,2.52895e+03,7.23066e+03,8.79214e-15
12173283177.5,1.135,2.54517e+03,7.24955e+03,8.73182e-15
12176278122.9,1.135,2.56130e+03,7.26805e+03,8.67254e-15
12179273068.4,1.136,2.57735e+03,7.28615e+03,8.61431e-15
12182268013.9,1.136,2.59331e+03,7.30387e+03,8.55708e-15
12185262959.3,1.136,2.60919e+03,7.32119e+03,8.50085e-15
12188257904.8,1.137,2.62497e+03,7.33812e+03,8.44558e-15
12191252850.2,1.137,2.64066e+03,7.35467e+03,8.39126e-15
12194247795.7,1.137,2.65627e+03,7.37083e+03,8.33787e-15
12197242741.2,1.137,2.67178e+03,7.38661e+03,8.28539e-15
12200237686.6,1.138,2.68720e+03,7.40200e+03,8.23379e-15
12203232632.1,1.138,2.70254e+03,7.41702e+03,8.18305e-15
12206227577.5,1.138,2.71779e+03,7.43167e+03,8.13315e-15
12209222523.0,1.139,2.73294e+03,7.44595e+03,8.08407e-15
12212217468.5,1.139,2.74801e+03,7.45987e+03,8.03580e-15
12215212413.9,1.139,2.76299e+03,7.47342e+03,7.98831e-15
12218207359.4,1.139,2.77789e+03,7.48662e+03,7.94157e-15
12221202304.9,1.140,2.79270e+03,7.49948e+03,7.89558e-15
12224197250.3,1.140,2.80743e+03,7.51199e+03,7.85031e-15
12227192195.8,1.140,2.82208e+03,7.52417e+03,7.80574e-15
12230187141.2,1.140,2.83665e+03,7.53601e+03,7.76185e-15
12233182086.7,1.141,2.85113e+03,7.54754e+03,7.71863e-15
12236177032.2,1.141,2.86555e+03,7.55875e+03,7.67605e-15
12239171977.6,1.141,2.87988e+03,7.56965e+03,7.63411e-15
12242166923.1,1.142,2.89414e+03,7.58024e+03,7.59277e-15
12245161868.6,1.142,2.90833e+03,7.59054e+03,7.55202e-15
12248156814.0,1.142,2.92246e+03,7.60056e+03,7.51186e-15
12251151759.5,1.142,2.93651e+03,7.61029e+03,7.47225e-15
12254146704.9,1.143,2.95050e+03,7.61975e+03,7.43318e-15
12257141650.4,1.143,2.96443e+03,7.62895e+03,7.39465e-15
12260136595.9,1.143,2.97829e+03,7.63788e+03,7.35662e-15
12263131541.3,1.144,2.99210e+03,7.64657e+03,7.31910e-15
12266126486.8,1.144,3.00586e+03,7.65502e+03,7.28205e-15
12269121432.2,1.144,3.01955e+03,7.66322e+03,7.24548e-15
12272116377.7,1.144,3.03320e+03,7.67120e+03,7.20936e-15
12275111323.2,1.145,3.04680e+03,7.67896e+03,7.17368e-15
12278106268.6,1.145,3.06035e+03,7.68650e+03,7.13843e-15
12281101214.1,1.145,3.07386e+03,7.69384e+03,7.10359e-15
12284096159.6,1.145,3.08733e+03,7.70098e+03,7.06916e-15
12287091105.0,1.146,3.10075e+03,7.70792e+03,7.03512e-15
12290086050.5,1.146,3.11414e+03,7.71468e+03,7.00146e-15
12293080995.9,1.146,3.12749e+03,7.72125e+03,6.96818e-15
12296075941.4,1.147,3.14081e+03,7.72765e+03,6.93525e-15
12299070886.9,1.147,3.15410e+03,7.73389e+03,6.90266e-15
12302065832.3,1.147,3.16736e+03,7.73996e+03,6.87042e-15
12305060777.8,1.147,3.18059e+03,7.74588e+03,6.83851e-15
12308055723.3,1.148,3.19380e+03,7.75165e+03,6.80691e-15
12311050668.7,1.148,3.20699e+03,7.75727e+03,6.77563e-15
12314045614.2,1.148,3.22015e+03,7.76276e+03,6.74465e-15
12317040559.6,1.149,3.23329e+03,7.76811e+03,6.71396e-15
12320035505.1,1.149,3.24642e+03,7.77334e+03,6.68356e-15
12323030450.6,1.149,3.25954e+03,7.77844e+03,6.65343e-15
12326025396.0,1.149,3.27264e+03,7.78343e+03,6.62358e-15
12329020341.5,1.150,3.28572e+03,7.78830e+03,6.59399e-15
12332015287.0,1.150,3.29880e+03,7.79306e+03,6.56466e-15
12335010232.4,1.150,3.31187e+03,7.79772e+03,6.53558e-15
12338005177.9,1.151,3.32494e+03,7.80228e+03,6.50674e-15
12341000123.3,1.151,3.33799e+03,7.80674e+03,6.47814e-15
12343995068.8,1.151,3.35105e+03,7.81111e+03,6.44977e-15
12346990014.3,1.151,3.36410e+03,7.81539e+03,6.42163e-15
12349984959.7,1.152,3.37715e+03,7.81959e+03,6.39371e-15
12352979905.2,1.152,3.39020e+03,7.82370e+03,6.36601e-15
12355974850.6,1.152,3.40326e+03,7.82774e+03,6.33852e-15
12358969796.1,1.152,3.41632e+03,7.83171e+03,6.31123e-15
12361964741.6,1.153,3.42938e+03,7.83560e+03,6.28415e-15
12364959687.0,1.153,3.44244e+03,7.83942e+03,6.25726e-15
12367954632.5,1.153,3.45552e+03,7.84318e+03,6.23057e-15
12370949578.0,1.154,3.46860e+03,7.84688e+03,6.20407e-15
12373944523.4,1.154,3.48169e+03,7.85051e+03,6.17775e-15
12376939468.9,1.154,3.49479e+03,7.85409e+03,6.15161e-15
12379934414.3,1.154,3.50790e+03,7.85761e+03,6.12566e-15
12382929359.8,1.155,3.52103e+03,7.86108e+03,6.09987e-15
12385924305.3,1.155,3.53416e+03,7.86450e+03,6.07426e-15
12388919250.7,1.155,3.54731e+03,7.86787e+03,6.04882e-15
12391914196.2,1.156,3.56048e+03,7.87119e+03,6.02354e-15
12394909141.7,1.156,3.57366e+03,7.87447e+03,5.99842e-15
12397904087.1,1.156,3.58685e+03,7.87771e+03,5.97347e-15
12400899032.6,1.156,3.60007e+03,7.88091e+03,5.94867e-15
12403893978.0,1.157,3.61330e+03,7.88406e+03,5.92402e-15
12406888923.5,1.157,3.62655e+03,7.88718e+03,5.89953e-15
12409883869.0,1.157,3.63982e+03,7.89026e+03,5.87519e-15
12412878814.4,1.158,3.65311e+03,7.89331e+03,5.85099e-15
12415873759.9,1.158,3.66641e+03,7.89633e+03,5.82694e-15
12418868705.4,1.158,3.67974e+03,7.89931e+03,5.80303e-15
12421863650.8,1.158,3.69310e+03,7.90226e+03,5.77927e-15
12424858596.3,1.159,3.70647e+03,7.90519e+03,5.75564e-15
12427853541.7,1.159,3.71987e+03,7.90808e+03,5.73215e-15
12430848487.2,1.159,3.73329e+03,7.91095e+03,5.70879e-15
12433843432.7,1.159,3.74673e+03,7.91379e+03,5.68557e-15
12436838378.1,1.160,3.76020e+03,7.91661e+03,5.66248e-15
12439833323.6,1.160,3.77369e+03,7.91940e+03,5.63951e-15
12442828269.0,1.160,3.78721e+03,7.92217e+03,5.61668e-15
12445823214.5,1.161,3.80075e+03,7.92492e+03,5.59397e-15
12448818160.0,1.161,3.81432e+03,7.92764e+03,5.57139e-15
12451813105.4,1.161,3.82791e+03,7.93035e+03,5.54893e-15
12454808050.9,1.161,3.84153e+03,7.93304e+03,5.52660e-15
12457802996.4,1.162,3.85518e+03,7.93570e+03,5.50439e-15
12460797941.8,1.162,3.86886e+03,7.93835e+03,5.48229e-15
12463792887.3,1.162,3.88256e+03,7.94098e+03,5.46032e-15
12466787832.7,1.163,3.89629e+03,7.94359e+03,5.43846e-15
12469782778.2,1.163,3.91006e+03,7.94619e+03,5.41672e-15
12472777723.7,1.163,3.92384e+03,7.94877e+03,5.39509e-15
12475772669.1,1.163,3.93766e+03,7.95133e+03,5.37358e-15
12478767614.6,1.164,3.95151e+03,7.95388e+03,5.35217e-15
12481762560.1,1.164,3.96539e+03,7.95642e+03,5.33089e-15
12484757505.5,1.164,3.97929e+03,7.95894e+03,5.30971e-15
12487752451.0,1.164,3.99323e+03,7.96145e+03,5.28864e-15
12490747396.4,1.165,4.00720e+03,7.96394e+03,5.26768e-15
12493742341.9,1.165,4.02119e+03,7.96642e+03,5.24683e-15
12496737287.4,1.165,4.03522e+03,7.96889e+03,5.22608e-15
12499732232.8,1.166,4.04928e+03,7.97135e+03,5.20544e-15
12502727178.3,1.166,4.06337e+03,7.97380e+03,5.18490e-15
12505722123.8,1.166,4.07749e+03,7.97623e+03,5.16447e-15
12508717069.2,1.166,4.09165e+03,7.97865e+03,5.14414e-15
12511712014.7,1.167,4.10583e+03,7.98107e+03,5.12392e-15
12514706960.1,1.167,4.12005e+03,7.98347e+03,5.10379e-15
12517701905.6,1.167,4.13430e+03,7.98586e+03,5.08377e-15
12520696851.1,1.168,4.14858e+03,7.98824e+03,5.06385e-15
12523691796.5,1.168,4.16289e+03,7.99061e+03,5.04402e-15
12526686742.0,1.168,4.17724e+03,7.99297e+03,5.02430e-15
12529681687.4,1.168,4.19161e+03,7.99533e+03,5.00467e-15
12532676632.9,1.169,4.20603e+03,7.99767e+03,4.98514e-15
12535671578.4,1.169,4.22047e+03,8.00001e+03,4.96570e-15
12538666523.8,1.169,4.23495e+03,8.00233e+03,4.94636e-15
12541661469.3,1.170,4.24946e+03,8.00465e+03,4.92712e-15
12544656414.8,1.170,4.26400e+03,8.00696e+03,4.90797e-15
12547651360.2,1.170,4.27858e+03,8.00926e+03,4.88891e-15
12550646305.7,1.170,4.29319e+03,8.01155e+03,4.86995e-15
12553641251.1,1.171,4.30784e+03,8.01384e+03,4.85107e-15
12556636196.6,1.171,4.32252e+03,8.01612e+03,4.83229e-15
12559631142.1,1.171,4.33723e+03,8.01839e+03,4.81361e-15
12562626087.5,1.171,4.35198e+03,8.02065e+03,4.79501e-15
12565621033.0,1.172,4.36676e+03,8.02290e+03,4.77650e-15
12568615978.5,1.172,4.38158e+03,8.02515e+03,4.75808e-15
12571610923.9,1.172,4.39643e+03,8.02739e+03,4.73975e-15
12574605869.4,1.173,4.41131e+03,8.02963e+03,4.72150e-15
12577600814.8,1.173,4.42623e+03,8.03185e+03,4.70335e-15
12580595760.3,1.173,4.44118e+03,8.03407e+03,4.68528e-15
12583590705.8,1.173,4.45617e+03,8.03629e+03,4.66730e-15
12586585651.2,1.174,4.47120e+03,8.03849e+03,4.64940e-15
12589580596.7,1.174,4.48626e+03,8.04069e+03,4.63159e-15
12592575542.1,1.174,4.50135e+03,8.04289e+03,4.61386e-15
12595570487.6,1.175,4.51648e+03,8.04507e+03,4.59622e-15
12598565433.1,1.175,4.53165e+03,8.04725e+03,4.57866e-15
12601560378.5,1.175,4.54685e+03,8.04943e+03,4.56119e-15
12604555324.0,1.175,4.56208e+03,8.05160e+03,4.54379e-15
12607550269.5,1.176,4.57735e+03,8.05376e+03,4.52648e-15
12610545214.9,1.176,4.59266e+03,8.05592e+03,4.50925e-15
12613540160.4,1.176,4.60800e+03,8.05807e+03,4.49211e-15
12616535105.8,1.176,4.62338e+03,8.06021e+03,4.47504e-15
12619530051.3,1.177,4.63880e+03,8.06235e+03,4.45805e-15
12622524996.8,1.177,4.65425e+03,8.06448e+03,4.44114e-15
12625519942.2,1.177,4.66973e+03,8.06661e+03,4.42432e-15
12628514887.7,1.178,4.68525e+03,8.06873e+03,4.40757e-15
12631509833.2,1.178,4.70081e+03,8.07085e+03,4.39090e-15
12634504778.6,1.178,4.71641e+03,8.07296e+03,4.37430e-15
12637499724.1,1.178,4.73204e+03,8.07506e+03,4.35779e-15
12640494669.5,1.179,4.74771e+03,8.07716e+03,4.34135e-15
12643489615.0,1.179,4.76341e+03,8.07925e+03,4.32499e-15
12646484560.5,1.179,4.77915e+03,8.08134e+03,4.30870e-15
12649479505.9,1.180,4.79493e+03,8.08342e+03,4.29249e-15
12652474451.4,1.180,4.81074e+03,8.08550e+03,4.27636e-15
12655469396.9,1.180,4.82659e+03,8.08757e+03,4.26029e-15
12658464342.3,1.180,4.84248e+03,8.08964e+03,4.24431e-15
12661459287.8,1.181,4.85840e+03,8.09170e+03,4.22840e-15
12664454233.2,1.181,4.87436e+03,8.09375e+03,4.21256e-15
12667449178.7,1.181,4.89036e+03,8.09580e+03,4.19679e-15
12670444124.2,1.182,4.90640e+03,8.09785e+03,4.18110e-15
12673439069.6,1.182,4.92247e+03,8.09989e+03,4.16548e-15
12676434015.1,1.182,4.93858e+03,8.10192e+03,4.14993e-15
12679428960.5,1.182,4.95472e+03,8.10395e+03,4.13445e-15
12682423906.0,1.183,4.97091e+03,8.10598e+03,4.11904e-15
12685418851.5,1.183,4.98713e+03,8.10800e+03,4.10371e-15
12688413796.9,1.183,5.00339e+03,8.11001e+03,4.08844e-15
12691408742.4,1.183,5.01968e+03,8.11202e+03,4.07325e-15
12694403687.9,1.184,5.03602e+03,8.11403e+03,4.05812e-15
12697398633.3,1.184,5.05239e+03,8.11603e+03,4.04306e-15
12700393578.8,1.184,5.06880e+03,8.11802e+03,4.02807e-15
12703388524.2,1.185,5.08525e+03,8.12001e+03,4.01315e-15
12706383469.7,1.185,5.10173e+03,8.12199e+03,3.99830e-15
12709378415.2,1.185,5.11825e+03,8.12397e+03,3.98351e-15
12712373360.6,1.185,5.13481e+03,8.12595e+03,3.96880e-15
12715368306.1,1.186,5.15141e+03,8.12792e+03,3.95414e-15
12718363251.6,1.186,5.16805e+03,8.12988e+03,3.93956e-15
12721358197.0,1.186,5.18472e+03,8.13184e+03,3.92504e-15
12724353142.5,1.187,5.20144e+03,8.13380e+03,3.91059e-15
12727348087.9,1.187,5.21819e+03,8.13575e+03,3.89620e-15
12730343033.4,1.187,5.23498e+03,8.13770e+03,3.88188e-15
12733337978.9,1.187,5.25180e+03,8.13964e+03,3.86762e-15
12736332924.3,1.188,5.26867e+03,8.14157e+03,3.85343e-15
12739327869.8,1.188,5.28557e+03,8.14351e+03,3.83930e-15
12742322815.3,1.188,5.30252e+03,8.14543e+03,3.82523e-15
12745317760.7,1.189,5.31950e+03,8.14736e+03,3.81123e-15
12748312706.2,1.189,5.33652e+03,8.14927e+03,3.79729e-15
12751307651.6,1.189,5.35358e+03,8.15119e+03,3.78341e-15
12754302597.1,1.189,5.37068e+03,8.15309e+03,3.76959e-15
12757297542.6,1.190,5.38781e+03,8.15500e+03,3.75584e-15
12760292488.0,1.190,5.40499e+03,8.15690e+03,3.74215e-15
12763287433.5,1.190,5.42220e+03,8.15879e+03,3.72852e-15
12766282378.9,1.190,5.43945e+03,8.16068e+03,3.71495e-15
12769277324.4,1.191,5.45675e+03,8.16256e+03,3.70144e-15
12772272269.9,1.191,5.47408e+03,8.16444e+03,3.68799e-15
12775267215.3,1.191,5.49145e+03,8.16632e+03,3.67460e-15
12778262160.8,1.192,5.50886e+03,8.16819e+03,3.66127e-15
12781257106.3,1.192,5.52631e+03,8.17006e+03,3.64800e-15
12784252051.7,1.192,5.54380e+03,8.17192e+03,3.63479e-15
12787299551.8,1.192,5.56163e+03,8.17381e+03,3.62140e-15
12790400528.6,1.193,5.57982e+03,8.17573e+03,3.60785e-15
12793555920.6,1.193,5.59837e+03,8.17768e+03,3.59412e-15
12796766682.7,1.193,5.61730e+03,8.17965e+03,3.58021e-15
12800033786.4,1.194,5.63660e+03,8.18166e+03,3.56613e-15
12803358220.5,1.194,5.65629e+03,8.18369e+03,3.55187e-15
12806740990.9,1.194,5.67638e+03,8.18576e+03,3.53743e-15
12810183121.4,1.195,5.69687e+03,8.18785e+03,3.52282e-15
12813685653.5,1.195,5.71777e+03,8.18998e+03,3.50802e-15
12817249647.2,1.195,5.73910e+03,8.19214e+03,3.49304e-15
12820876181.0,1.196,5.76086e+03,8.19432e+03,3.47788e-15
12824566352.4,1.196,5.78306e+03,8.19654e+03,3.46253e-15
12828321277.9,1.196,5.80571e+03,8.19880e+03,3.44700e-15
12832142094.0,1.197,5.82883e+03,8.20108e+03,3.43129e-15
12836029956.9,1.197,5.85241e+03,8.20340e+03,3.41539e-15
12839986043.0,1.197,5.87649e+03,8.20575e+03,3.39930e-15
12844011549.5,1.198,5.90105e+03,8.20813e+03,3.38303e-15
12848107694.7,1.198,5.92613e+03,8.21055e+03,3.36657e-15
12852275718.0,1.198,5.95172e+03,8.21300e+03,3.34992e-15
12856516880.7,1.199,5.97784e+03,8.21549e+03,3.33308e-15
12860832466.4,1.199,6.00450e+03,8.21801e+03,3.31605e-15
12865223780.9,1.200,6.03172e+03,8.22057e+03,3.29884e-15
12869692153.1,1.200,6.05951e+03,8.22316e+03,3.28143e-15
12874238935.3,1.201,6.08788e+03,8.22578e+03,3.26383e-15
12878865503.2,1.201,6.11684e+03,8.22845e+03,3.24604e-15
12883573257.1,1.201,6.14641e+03,8.23114e+03,3.22807e-15
12888363621.5,1.202,6.17660e+03,8.23388e+03,3.20990e-15
12893238046.0,1.202,6.20744e+03,8.23665e+03,3.19154e-15
12898198005.7,1.203,6.23892e+03,8.23946e+03,3.17299e-15
12903245001.6,1.203,6.27108e+03,8.24231e+03,3.15425e-15
12908380561.0,1.204,6.30392e+03,8.24519e+03,3.13532e-15
12913606237.9,1.204,6.33747e+03,8.24811e+03,3.11620e-15
12918923613.7,1.205,6.37173e+03,8.25107e+03,3.09689e-15
12924334297.5,1.205,6.40673e+03,8.25407e+03,3.07740e-15
12929839926.7,1.206,6.44249e+03,8.25710e+03,3.05771e-15
12935442167.3,1.206,6.47902e+03,8.26018e+03,3.03784e-15
12941142714.7,1.207,6.51634e+03,8.26329e+03,3.01778e-15
12946943293.9,1.207,6.55447e+03,8.26645e+03,2.99754e-15
12952845660.2,1.208,6.59344e+03,8.26964e+03,2.97711e-15
12958851599.8,1.208,6.63326e+03,8.27287e+03,2.95649e-15
12964962930.2,1.209,6.67396e+03,8.27614e+03,2.93569e-15
12971181500.8,1.210,6.71555e+03,8.27945e+03,2.91471e-15
12977509193.3,1.210,6.75806e+03,8.28280e+03,2.89356e-15
12983947922.6,1.211,6.80151e+03,8.28619e+03,2.87222e-15
12990499637.1,1.211,6.84594e+03,8.28962e+03,2.85070e-15
12997166319.6,1.212,6.89135e+03,8.29308e+03,2.82901e-15
13003949987.4,1.213,6.93778e+03,8.29659e+03,2.80715e-15
13010852693.3,1.213,6.98526e+03,8.30014e+03,2.78511e-15
13017876526.2,1.214,7.03381e+03,8.30373e+03,2.76290e-15
13025023611.7,1.215,7.08345e+03,8.30736e+03,2.74053e-15
13032296112.4,1.215,7.13423e+03,8.31102e+03,2.71799e-15
13039696229.2,1.216,7.18616e+03,8.31473e+03,2.69529e-15
13047226201.5,1.217,7.23928e+03,8.31848e+03,2.67242e-15
13054888307.9,1.217,7.29362e+03,8.32226e+03,2.64940e-15
13062684867.1,1.218,7.34921e+03,8.32609e+03,2.62622e-15
13070618238.4,1.219,7.40609e+03,8.32995e+03,2.60289e-15
13078690822.6,1.220,7.46429e+03,8.33385e+03,2.57940e-15
13086905062.5,1.220,7.52385e+03,8.33779e+03,2.55578e-15
13095263443.9,1.221,7.58480e+03,8.34177e+03,2.53200e-15
13103768496.1,1.222,7.64718e+03,8.34578e+03,2.50809e-15
13112422792.9,1.223,7.71103e+03,8.34984e+03,2.48404e-15
13121228953.2,1.224,7.77639e+03,8.35392e+03,2.45985e-15
13130189641.9,1.224,7.84331e+03,8.35805e+03,2.43554e-15
13139307570.5,1.225,7.91183e+03,8.36221e+03,2.41110e-15
13148585498.4,1.226,7.98198e+03,8.36640e+03,2.38653e-15
13158026233.0,1.227,8.05383e+03,8.37063e+03,2.36185e-15
13167632631.4,1.228,8.12740e+03,8.37489e+03,2.33706e-15
13177407600.5,1.229,8.20277e+03,8.37919e+03,2.31215e-15
13187354098.4,1.230,8.27997e+03,8.38351e+03,2.28714e-15
13197475135.0,1.231,8.35905e+03,8.38787e+03,2.26203e-15
13207773773.1,1.232,8.44008e+03,8.39226e+03,2.23682e-15
13218253129.2,1.233,8.52311e+03,8.39667e+03,2.21152e-15
13228916374.5,1.234,8.60820e+03,8.40112e+03,2.18613e-15
13239766735.8,1.235,8.69540e+03,8.40559e+03,2.16066e-15
13250807496.7,1.236,8.78478e+03,8.41009e+03,2.13511e-15
13262041998.1,1.237,8.87641e+03,8.41461e+03,2.10949e-15
13273473639.8,1.238,8.97035e+03,8.41916e+03,2.08381e-15
13285105881.1,1.239,9.06666e+03,8.42372e+03,2.05806e-15
13296942242.2,1.240,9.16543e+03,8.42831e+03,2.03226e-15
13308986304.9,1.241,9.26672e+03,8.43292e+03,2.00641e-15
13321241713.9,1.242,9.37062e+03,8.43755e+03,1.98052e-15
13333712177.8,1.243,9.47719e+03,8.44219e+03,1.95458e-15
13346401470.3,1.245,9.58653e+03,8.44685e+03,1.92862e-15
13359313431.5,1.246,9.69871e+03,8.45152e+03,1.90263e-15
13372451968.6,1.247,9.81383e+03,8.45620e+03,1.87661e-15
13385821057.6,1.248,9.93198e+03,8.46089e+03,1.85059e-15
13399424744.1,1.250,1.00533e+04,8.46559e+03,1.82456e-15
13413267144.8,1.251,1.01777e+04,8.47029e+03,1.79852e-15
13427352448.6,1.252,1.03056e+04,8.47500e+03,1.77249e-15
13441684917.8,1.253,1.04368e+04,8.47971e+03,1.74647e-15
13456268889.7,1.255,1.05716e+04,8.48443e+03,1.72047e-15
13471108777.6,1.256,1.07100e+04,8.48914e+03,1.69449e-15
13486209072.3,1.258,1.08522e+04,8.49384e+03,1.66855e-15
13501574343.2,1.259,1.09983e+04,8.49855e+03,1.64264e-15
13517209240.2,1.260,1.11483e+04,8.50324e+03,1.61678e-15
13533118494.5,1.262,1.13026e+04,8.50793e+03,1.59097e-15
13549306920.6,1.263,1.14611e+04,8.51260e+03,1.56522e-15
13565779417.2,1.265,1.16240e+04,8.51726e+03,1.53953e-15
13582540969.2,1.267,1.17916e+04,8.52191e+03,1.51392e-15
13599596648.8,1.268,1.19638e+04,8.52654e+03,1.48838e-15
13616951617.4,1.270,1.21409e+04,8.53115e+03,1.46293e-15
13634611126.7,1.271,1.23230e+04,8.53574e+03,1.43758e-15
13652580520.7,1.273,1.25104e+04,8.54030e+03,1.41233e-15
13670865237.4,1.275,1.27031e+04,8.54485e+03,1.38718e-15
13689470809.7,1.277,1.29014e+04,8.54936e+03,1.36215e-15
13708402868.2,1.278,1.31055e+04,8.55385e+03,1.33724e-15
13727667141.7,1.280,1.33155e+04,8.55832e+03,1.31246e-15
13747269460.1,1.282,1.35316e+04,8.56275e+03,1.28781e-15
13767215755.2,1.284,1.37541e+04,8.56714e+03,1.26331e-15
13787512063.0,1.286,1.39832e+04,8.57151e+03,1.23896e-15
13808164525.5,1.288,1.42191e+04,8.57584e+03,1.21476e-15
13829179392.3,1.290,1.44619e+04,8.58014e+03,1.19073e-15
13850563022.9,1.292,1.47121e+04,8.58440e+03,1.16687e-15
13872321888.3,1.294,1.49698e+04,8.58862e+03,1.14319e-15
13894462572.9,1.296,1.52352e+04,8.59280e+03,1.11970e-15
13916991776.9,1.298,1.55087e+04,8.59694e+03,1.09640e-15
13939916317.9,1.300,1.57905e+04,8.60104e+03,1.07329e-15
13963243133.1,1.302,1.60808e+04,8.60510e+03,1.05039e-15
13986979281.6,1.304,1.63801e+04,8.60912e+03,1.02771e-15
14011131946.3,1.307,1.66885e+04,8.61309e+03,1.00524e-15
14035708436.1,1.309,1.70064e+04,8.61702e+03,9.82999e-16
14060716188.1,1.311,1.73340e+04,8.62090e+03,9.60989e-16
14086162770.0,1.314,1.76718e+04,8.62474e+03,9.39217e-16
14112055882.4,1.316,1.80200e+04,8.62853e+03,9.17690e-16
14138403360.8,1.318,1.83791e+04,8.63226e+03,8.96413e-16
14165213178.3,1.321,1.87492e+04,8.63595e+03,8.75392e-16
14192493448.0,1.323,1.91309e+04,8.63959e+03,8.54633e-16
14220252425.2,1.326,1.95244e+04,8.64317e+03,8.34142e-16
14248498510.2,1.329,1.99301e+04,8.64669e+03,8.13923e-16
14277240250.7,1.331,2.03485e+04,8.65016e+03,7.93981e-16
14306486344.2,1.334,2.07799e+04,8.65356e+03,7.74322e-16
14336245641.0,1.337,2.12247e+04,8.65690e+03,7.54951e-16
14366527146.7,1.340,2.16833e+04,8.66017e+03,7.35871e-16
14397340024.9,1.343,2.21561e+04,8.66337e+03,7.17086e-16
14428693600.0,1.345,2.26437e+04,8.66650e+03,6.98601e-16
14460597360.0,1.348,2.31462e+04,8.66954e+03,6.80419e-16
14493060959.4,1.351,2.36643e+04,8.67250e+03,6.62544e-16
14526094222.1,1.355,2.41984e+04,8.67537e+03,6.44977e-16
14559707144.5,1.358,2.47489e+04,8.67815e+03,6.27723e-16
14593909898.3,1.361,2.53162e+04,8.68082e+03,6.10782e-16
14628712833.6,1.364,2.59008e+04,8.68338e+03,5.94158e-16
14664126482.5,1.367,2.65032e+04,8.68582e+03,5.77851e-16
14700161561.4,1.371,2.71239e+04,8.68814e+03,5.61864e-16
14736828975.0,1.374,2.77633e+04,8.69032e+03,5.46196e-16
14774139819.6,1.378,2.84218e+04,8.69236e+03,5.30849e-16
14812105385.7,1.381,2.91000e+04,8.69425e+03,5.15822e-16
14850737162.4,1.385,2.97983e+04,8.69597e+03,5.01116e-16
14890046840.1,1.389,3.05173e+04,8.69751e+03,4.86729e-16
14930046314.4,1.392,3.12573e+04,8.69887e+03,4.72662e-16
14970747689.8,1.396,3.20189e+04,8.70002e+03,4.58913e-16
15012163283.0,1.400,3.28026e+04,8.70096e+03,4.45481e-16
15054305626.9,1.404,3.36088e+04,8.70167e+03,4.32363e-16
15097187474.4,1.408,3.44381e+04,8.70214e+03,4.19558e-16
15140821802.2,1.412,3.52908e+04,8.70235e+03,4.07063e-16
15185221814.5,1.416,3.61676e+04,8.70228e+03,3.94876e-16
15230400947.4,1.420,3.70687e+04,8.70192e+03,3.82993e-16
15276372872.8,1.425,3.79949e+04,8.70125e+03,3.71412e-16
15323151502.3,1.429,3.89464e+04,8.70026e+03,3.60128e-16
15370750991.8,1.433,3.99238e+04,8.69891e+03,3.49139e-16
15419185745.6,1.438,4.09275e+04,8.69720e+03,3.38440e-16
15468470420.6,1.442,4.19580e+04,8.69511e+03,3.28027e-16
15518619931.1,1.447,4.30158e+04,8.69261e+03,3.17895e-16
15569649453.0,1.452,4.41013e+04,8.68968e+03,3.08041e-16
15621574428.5,1.457,4.52149e+04,8.68630e+03,2.98460e-16
15674410570.9,1.462,4.63571e+04,8.68244e+03,2.89147e-16
15728173869.0,1.467,4.75282e+04,8.67810e+03,2.80097e-16
15782880592.4,1.472,4.87288e+04,8.67323e+03,2.71304e-16
15838547296.1,1.477,4.99593e+04,8.66782e+03,2.62765e-16
15895190825.5,1.482,5.12200e+04,8.66185e+03,2.54474e-16
15952828321.8,1.488,5.25113e+04,8.65529e+03,2.46425e-16
16011477226.9,1.493,5.38337e+04,8.64811e+03,2.38614e-16
16071155288.6,1.499,5.51875e+04,8.64029e+03,2.31035e-16
16131880566.4,1.504,5.65730e+04,8.63181e+03,2.23683e-16
16193671436.7,1.510,5.79908e+04,8.62264e+03,2.16552e-16
16256546598.1,1.516,5.94410e+04,8.61275e+03,2.09637e-16
16320525077.5,1.522,6.09241e+04,8.60212e+03,2.02933e-16
16385626235.7,1.528,6.24403e+04,8.59073e+03,1.96435e-16
16451869773.2,1.534,6.39901e+04,8.57855e+03,1.90136e-16
16519275736.1,1.540,6.55737e+04,8.56554e+03,1.84033e-16
16587864522.5,1.547,6.71915e+04,8.55170e+03,1.78120e-16
16657656888.2,1.553,6.88437e+04,8.53700e+03,1.72391e-16
16728673953.3,1.560,7.05306e+04,8.52140e+03,1.66842e-16
16800937208.6,1.567,7.22526e+04,8.50489e+03,1.61467e-16
16874468521.9,1.574,7.40099e+04,8.48745e+03,1.56262e-16
16949290144.8,1.581,7.58028e+04,8.46906e+03,1.51222e-16
17025424719.3,1.588,7.76316e+04,8.44968e+03,1.46342e-16
17102895284.9,1.595,7.94966e+04,8.42931e+03,1.41616e-16
17181725285.0,1.602,8.13980e+04,8.40792e+03,1.37042e-16
17261938574.8,1.610,8.33361e+04,8.38550e+03,1.32613e-16
17343559427.8,1.617,8.53112e+04,8.36203e+03,1.28327e-16
17426612543.7,1.625,8.73235e+04,8.33749e+03,1.24177e-16
17511123055.5,1.633,8.93735e+04,8.31187e+03,1.20160e-16
17597116537.2,1.641,9.14612e+04,8.28516e+03,1.16272e-16
17684619011.5,1.649,9.35871e+04,8.25734e+03,1.12509e-16
17773656958.0,1.657,9.57515e+04,8.22841e+03,1.08867e-16
17864257320.7,1.666,9.79546e+04,8.19836e+03,1.05341e-16
17956447516.5,1.674,1.00197e+05,8.16718e+03,1.01929e-16
18050255443.4,1.683,1.02479e+05,8.13487e+03,9.86261e-17
18145709488.9,1.692,1.04800e+05,8.10142e+03,9.54291e-17
18242838538.8,1.701,1.07162e+05,8.06684e+03,9.23344e-17
18341671985.7,1.710,1.09565e+05,8.03112e+03,8.93387e-17
18442239737.8,1.720,1.12009e+05,7.99427e+03,8.64388e-17
18544572228.3,1.729,1.14494e+05,7.95629e+03,8.36315e-17
18648700424.4,1.739,1.17022e+05,7.91719e+03,8.09136e-17
18754655836.8,1.749,1.19593e+05,7.87697e+03,7.82822e-17
18862470529.0,1.759,1.22206e+05,7.83565e+03,7.57345e-17
18972177127.2,1.769,1.24864e+05,7.79323e+03,7.32675e-17
19083808830.0,1.780,1.27567e+05,7.74973e+03,7.08787e-17
19197399418.8,1.790,1.30314e+05,7.70516e+03,6.85654e-17
19312983267.5,1.801,1.33108e+05,7.65954e+03,6.63250e-17
19430595353.5,1.812,1.35949e+05,7.61288e+03,6.41552e-17
19550271267.8,1.823,1.38838e+05,7.56521e+03,6.20535e-17
19672047225.9,1.834,1.41775e+05,7.51654e+03,6.00178e-17
19795960078.8,1.846,1.44762e+05,7.46689e+03,5.80457e-17
19922047324.3,1.858,1.47799e+05,7.41628e+03,5.61353e-17
20050347118.1,1.870,1.50888e+05,7.36475e+03,5.42845e-17
20180898285.5,1.882,1.54030e+05,7.31230e+03,5.24913e-17
20313740332.9,1.894,1.57226e+05,7.25896e+03,5.07539e-17
20448913460.3,1.907,1.60477e+05,7.20477e+03,4.90704e-17
20586458572.8,1.920,1.63784e+05,7.14974e+03,4.74391e-17
20726417293.4,1.933,1.67149e+05,7.09390e+03,4.58583e-17
20868831975.6,1.946,1.70573e+05,7.03727e+03,4.43264e-17
21013745716.0,1.960,1.74058e+05,6.97989e+03,4.28418e-17
21161202367.4,1.973,1.77604e+05,6.92178e+03,4.14030e-17
21311246552.2,1.987,1.81215e+05,6.86297e+03,4.00087e-17
21463923675.9,2.002,1.84890e+05,6.80348e+03,3.86573e-17
21619279940.5,2.016,1.88633e+05,6.74335e+03,3.73477e-17
21777362359.1,2.031,1.92444e+05,6.68260e+03,3.60784e-17
21938218769.5,2.046,1.96326e+05,6.62126e+03,3.48483e-17
22101897848.9,2.061,2.00279e+05,6.55935e+03,3.36561e-17
22268449129.1,2.077,2.04308e+05,6.49691e+03,3.25008e-17
22437923010.5,2.092,2.08412e+05,6.43397e+03,3.13811e-17
22610370778.4,2.108,2.12595e+05,6.37054e+03,3.02961e-17
22785844617.7,2.125,2.16858e+05,6.30667e+03,2.92448e-17
22964397629.2,2.141,2.21204e+05,6.24237e+03,2.82260e-17
23146083845.5,2.158,2.25635e+05,6.17768e+03,2.72389e-17
23330958247.3,2.176,2.30154e+05,6.11262e+03,2.62825e-17
23519076780.1,2.193,2.34762e+05,6.04722e+03,2.53560e-17
23710496371.1,2.211,2.39462e+05,5.98150e+03,2.44585e-17
23905274946.5,2.229,2.44257e+05,5.91550e+03,2.35891e-17
24103471448.9,2.248,2.49150e+05,5.84925e+03,2.27471e-17
24305145855.3,2.266,2.54143e+05,5.78275e+03,2.19316e-17
24510359195.0,2.286,2.59239e+05,5.71606e+03,2.11419e-17
24719173568.5,2.305,2.64440e+05,5.64919e+03,2.03772e-17
24931652165.8,2.325,2.69751e+05,5.58216e+03,1.96370e-17
25147859285.8,2.345,2.75173e+05,5.51501e+03,1.89204e-17
25367860355.7,2.366,2.80711e+05,5.44775e+03,1.82268e-17
25591721950.8,2.386,2.86367e+05,5.38042e+03,1.75555e-17
25819511814.7,2.408,2.92144e+05,5.31305e+03,1.69060e-17
26051298879.7,2.429,2.98046e+05,5.24564e+03,1.62775e-17
26264501576.4,2.449,3.03497e+05,5.18466e+03,1.57267e-17
26477704273.1,2.469,3.08969e+05,5.12465e+03,1.52004e-17
26709491338.0,2.491,3.14941e+05,5.06048e+03,1.46544e-17
26937281201.9,2.512,3.20835e+05,4.99849e+03,1.41428e-17
27161142797.0,2.533,3.26652e+05,4.93860e+03,1.36629e-17
27381143866.9,2.553,3.32392e+05,4.88072e+03,1.32120e-17
27597350986.9,2.573,3.38056e+05,4.82477e+03,1.27879e-17
27809829584.2,2.593,3.43645e+05,4.77066e+03,1.23884e-17
28018643957.7,2.613,3.49159e+05,4.71832e+03,1.20117e-17
28223857297.4,2.632,3.54600e+05,4.66769e+03,1.16560e-17
28425531703.8,2.651,3.59967e+05,4.61868e+03,1.13198e-17
28623728206.2,2.669,3.65262e+05,4.57124e+03,1.10018e-17
28818506781.6,2.687,3.70484e+05,4.52530e+03,1.07005e-17
29009926372.6,2.705,3.75636e+05,4.48081e+03,1.04149e-17
29198044905.4,2.723,3.80717e+05,4.43770e+03,1.01440e-17
29382919307.2,2.740,3.85727e+05,4.39593e+03,9.88658e-18
29564605523.5,2.757,3.90669e+05,4.35544e+03,9.64191e-18
29743158535.0,2.774,3.95541e+05,4.31618e+03,9.40912e-18
29918632374.3,2.790,4.00346e+05,4.27810e+03,9.18747e-18
30091080142.2,2.806,4.05083e+05,4.24117e+03,8.97625e-18
30260554023.6,2.822,4.09753e+05,4.20533e+03,8.77482e-18
30427105303.8,2.837,4.14357e+05,4.17055e+03,8.58257e-18
30590784383.3,2.853,4.18896e+05,4.13679e+03,8.39898e-18
30751640793.6,2.868,4.23369e+05,4.10401e+03,8.22351e-18
30909723212.2,2.882,4.27779e+05,4.07217e+03,8.05571e-18
31065079476.8,2.897,4.32124e+05,4.04125e+03,7.89513e-18
31217756600.5,2.911,4.36407e+05,4.01120e+03,7.74136e-18
31367800785.3,2.925,4.40628e+05,3.98200e+03,7.59403e-18
31515257436.7,2.939,4.44786e+05,3.95361e+03,7.45279e-18
31660171177.1,2.952,4.48884e+05,3.92602e+03,7.31730e-18
31802585859.3,2.966,4.52922e+05,3.89918e+03,7.18726e-18
31942544579.9,2.979,4.56900e+05,3.87308e+03,7.06239e-18
32080089692.4,2.991,4.60819e+05,3.84769e+03,6.94241e-18
32215262819.8,3.004,4.64679e+05,3.82298e+03,6.82708e-18
32348104867.2,3.016,4.68482e+05,3.79894e+03,6.71615e-18
32478656034.6,3.029,4.72228e+05,3.77554e+03,6.60942e-18
32606955828.4,3.041,4.75918e+05,3.75275e+03,6.50667e-18
32733043073.9,3.052,4.79552e+05,3.73057e+03,6.40771e-18
32856955926.8,3.064,4.83131e+05,3.70897e+03,6.31236e-18
32978731884.9,3.075,4.86655e+05,3.68792e+03,6.22044e-18
33098407799.2,3.086,4.90126e+05,3.66742e+03,6.13181e-18
33216019885.2,3.097,4.93544e+05,3.64745e+03,6.04629e-18
33331603734.0,3.108,4.96910e+05,3.62798e+03,5.96376e-18
33445194322.7,3.119,5.00224e+05,3.60901e+03,5.88408e-18
33556826025.5,3.129,5.03487e+05,3.59051e+03,5.80712e-18
33666532623.7,3.139,5.06699e+05,3.57248e+03,5.73275e-18
33774347315.9,3.149,5.09862e+05,3.55489e+03,5.66088e-18
33880302728.3,3.159,5.12976e+05,3.53774e+03,5.59138e-18
33984430924.4,3.169,5.16041e+05,3.52102e+03,5.52416e-18
34086763415.0,3.179,5.19058e+05,3.50470e+03,5.45911e-18
34187331167.1,3.188,5.22029e+05,3.48878e+03,5.39616e-18
34286164613.9,3.197,5.24952e+05,3.47324e+03,5.33522e-18
34383293663.8,3.206,5.27830e+05,3.45808e+03,5.27619e-18
34478747709.4,3.215,5.30663e+05,3.44328e+03,5.21901e-18
34572555636.3,3.224,5.33451e+05,3.42883e+03,5.16360e-18
34664745832.0,3.233,5.36195e+05,3.41473e+03,5.10988e-18
34755346194.7,3.241,5.38895e+05,3.40095e+03,5.05780e-18
34844384141.2,3.249,5.41553e+05,3.38751e+03,5.00729e-18
34931886615.5,3.257,5.44168e+05,3.37437e+03,4.95829e-18
35017880097.2,3.265,5.46742e+05,3.36154e+03,4.91074e-18
35102390609.0,3.273,5.49275e+05,3.34901e+03,4.86459e-18
35185443724.9,3.281,5.51767e+05,3.33676e+03,4.81978e-18
35267064577.9,3.289,5.54220e+05,3.32480e+03,4.77627e-18
35347277867.7,3.296,5.56633e+05,3.31310e+03,4.73401e-18
35426107867.9,3.304,5.59007e+05,3.30168e+03,4.69294e-18
35503578433.4,3.311,5.61343e+05,3.29051e+03,4.65304e-18
35579713007.9,3.318,5.63642e+05,3.27959e+03,4.61425e-18
35654534630.8,3.325,5.65903e+05,3.26892e+03,4.57654e-18
35728065944.1,3.332,5.68128e+05,3.25848e+03,4.53987e-18
35800329199.4,3.338,5.70317e+05,3.24828e+03,4.50421e-18
35871346264.5,3.345,5.72471e+05,3.23830e+03,4.46952e-18
35941138630.2,3.352,5.74590e+05,3.22855e+03,4.43576e-18
36009727416.6,3.358,5.76674e+05,3.21900e+03,4.40291e-18
36077133379.6,3.364,5.78724e+05,3.20967e+03,4.37093e-18
36143376917.0,3.370,5.80741e+05,3.20054e+03,4.33979e-18
36208478075.2,3.376,5.82725e+05,3.19160e+03,4.30948e-18
36272456554.6,3.382,5.84677e+05,3.18286e+03,4.27995e-18
36335331716.0,3.388,5.86597e+05,3.17431e+03,4.25120e-18
36397122586.3,3.394,5.88486e+05,3.16594e+03,4.22318e-18
36457847864.1,3.400,5.90343e+05,3.15775e+03,4.19588e-18
36517525925.9,3.405,5.92170e+05,3.14974e+03,4.16927e-18
36576174830.9,3.411,5.93968e+05,3.14189e+03,4.14333e-18
36633812327.2,3.416,5.95735e+05,3.13421e+03,4.11805e-18
36690455856.6,3.421,5.97474e+05,3.12669e+03,4.09340e-18
36746122560.3,3.427,5.99184e+05,3.11933e+03,4.06936e-18
36800829283.7,3.432,6.00866e+05,3.11213e+03,4.04591e-18
36854592581.8,3.437,6.02520e+05,3.10507e+03,4.02304e-18
36907428724.2,3.442,6.04147e+05,3.09816e+03,4.00073e-18
36959353699.7,3.446,6.05747e+05,3.09140e+03,3.97896e-18
37010383221.6,3.451,6.07320e+05,3.08477e+03,3.95771e-18
37060532732.1,3.456,6.08868e+05,3.07828e+03,3.93698e-18
37109817407.1,3.461,6.10390e+05,3.07193e+03,3.91674e-18
37158252160.9,3.465,6.11886e+05,3.06570e+03,3.89698e-18
37205851650.4,3.469,6.13358e+05,3.05960e+03,3.87768e-18
37252630279.9,3.474,6.14806e+05,3.05363e+03,3.85884e-18
37298602205.3,3.478,6.16229e+05,3.04778e+03,3.84045e-18
37343781338.2,3.482,6.17629e+05,3.04204e+03,3.82248e-18
37388181350.5,3.486,6.19006e+05,3.03643e+03,3.80492e-18
37431815678.3,3.491,6.20359e+05,3.03092e+03,3.78777e-18
37474697525.8,3.495,6.21691e+05,3.02553e+03,3.77102e-18
37516839869.7,3.498,6.22999e+05,3.02024e+03,3.75465e-18
37558255462.9,3.502,6.24287e+05,3.01506e+03,3.73865e-18
37598956838.3,3.506,6.25552e+05,3.00999e+03,3.72301e-18
37638956312.6,3.510,6.26797e+05,3.00501e+03,3.70772e-18
37678265990.3,3.514,6.28021e+05,3.00013e+03,3.69278e-18
37716897767.0,3.517,6.29224e+05,2.99535e+03,3.67817e-18
37754863333.1,3.521,6.30407e+05,2.99067e+03,3.66389e-18
37792174177.7,3.524,6.31571e+05,2.98607e+03,3.64992e-18
37828841591.4,3.528,6.32715e+05,2.98157e+03,3.63626e-18
37864876670.3,3.531,6.33839e+05,2.97715e+03,3.62290e-18
37900290319.1,3.534,6.34945e+05,2.97282e+03,3.60984e-18
37935093254.4,3.537,6.36033e+05,2.96858e+03,3.59706e-18
37969296008.2,3.541,6.37102e+05,2.96442e+03,3.58455e-18
38002908930.6,3.544,6.38153e+05,2.96034e+03,3.57232e-18
38035942193.3,3.547,6.39187e+05,2.95634e+03,3.56035e-18
38068405792.7,3.550,6.40203e+05,2.95241e+03,3.54864e-18
38100309552.7,3.553,6.41202e+05,2.94857e+03,3.53718e-18
38131663127.8,3.556,6.42185e+05,2.94479e+03,3.52596e-18
38162476006.0,3.559,6.43151e+05,2.94109e+03,3.51498e-18
38192757511.7,3.561,6.44100e+05,2.93746e+03,3.50424e-18
38222516808.6,3.564,6.45034e+05,2.93390e+03,3.49372e-18
38251762902.0,3.567,6.45952e+05,2.93041e+03,3.48342e-18
38280504642.5,3.570,6.46855e+05,2.92699e+03,3.47334e-18
38308750727.5,3.572,6.47742e+05,2.92363e+03,3.46347e-18
38336509704.7,3.575,6.48614e+05,2.92033e+03,3.45380e-18
38363789974.4,3.577,6.49472e+05,2.91710e+03,3.44434e-18
38390599791.9,3.580,6.50315e+05,2.91393e+03,3.43507e-18
38416947270.3,3.582,6.51144e+05,2.91081e+03,3.42599e-18
38442840382.7,3.585,6.51959e+05,2.90776e+03,3.41710e-18
38468286964.7,3.587,6.52761e+05,2.90477e+03,3.40839e-18
38493294716.7,3.590,6.53548e+05,2.90183e+03,3.39986e-18
38517871206.4,3.592,6.54323e+05,2.89894e+03,3.39151e-18
38542023871.1,3.594,6.55084e+05,2.89611e+03,3.38332e-18
38565760019.6,3.596,6.55833e+05,2.89334e+03,3.37530e-18
38589086834.8,3.598,6.56568e+05,2.89061e+03,3.36744e-18
38612011375.8,3.601,6.57292e+05,2.88794e+03,3.35974e-18
38634540579.8,3.603,6.58003e+05,2.88532e+03,3.35220e-18
38656681264.4,3.605,6.58702e+05,2.88274e+03,3.34481e-18
38678440129.8,3.607,6.59389e+05,2.88022e+03,3.33756e-18
38699823760.4,3.609,6.60065e+05,2.87774e+03,3.33046e-18
38720838627.3,3.611,6.60729e+05,2.87531e+03,3.32350e-18
38741491089.7,3.613,6.61382e+05,2.87292e+03,3.31668e-18
38761787397.5,3.615,6.62024e+05,2.87058e+03,3.31000e-18
38781733692.6,3.616,6.62655e+05,2.86828e+03,3.30345e-18
38801336011.0,3.618,6.63275e+05,2.86602e+03,3.29702e-18
38820600284.6,3.620,6.63885e+05,2.86380e+03,3.29072e-18
38839532343.0,3.622,6.64485e+05,2.86163e+03,3.28455e-18
38858137915.4,3.624,6.65074e+05,2.85949e+03,3.27850e-18
38876422632.0,3.625,6.65653e+05,2.85740e+03,3.27257e-18
38894392026.0,3.627,6.66223e+05,2.85534e+03,3.26675e-18
38912051535.3,3.629,6.66783e+05,2.85332e+03,3.26104e-18
38929406503.9,3.630,6.67333e+05,2.85134e+03,3.25545e-18
38946462183.5,3.632,6.67874e+05,2.84939e+03,3.24996e-18
38963223735.5,3.633,6.68406e+05,2.84748e+03,3.24458e-18
38979696232.1,3.635,6.68929e+05,2.84560e+03,3.23931e-18
38995884658.2,3.636,6.69443e+05,2.84376e+03,3.23414e-18
39011793912.5,3.638,6.69948e+05,2.84196e+03,3.22906e-18
39027428809.5,3.639,6.70444e+05,2.84018e+03,3.22409e-18
39042794080.4,3.641,6.70932e+05,2.83844e+03,3.21920e-18
39057894375.1,3.642,6.71412e+05,2.83673e+03,3.21442e-18
39072734263.0,3.644,6.71884e+05,2.83505e+03,3.20972e-18
39087318234.9,3.645,6.72348e+05,2.83340e+03,3.20511e-18
39101650704.1,3.646,6.72803e+05,2.83178e+03,3.20060e-18
39115736007.9,3.648,6.73251e+05,2.83019e+03,3.19616e-18
39129578408.6,3.649,6.73692e+05,2.82863e+03,3.19181e-18
39143182095.1,3.650,6.74125e+05,2.82709e+03,3.18755e-18
39156551184.1,3.651,6.74550e+05,2.82559e+03,3.18336e-18
39169689721.2,3.653,6.74969e+05,2.82411e+03,3.17925e-18
39182601682.4,3.654,6.75380e+05,2.82266e+03,3.17523e-18
39195290974.9,3.655,6.75784e+05,2.82123e+03,3.17127e-18
39207761438.8,3.656,6.76181e+05,2.81983e+03,3.16739e-18
39220016847.8,3.657,6.76572e+05,2.81846e+03,3.16359e-18
39232060910.5,3.658,6.76956e+05,2.81711e+03,3.15985e-18
39243897271.6,3.660,6.77333e+05,2.81578e+03,3.15619e-18
39255529513.0,3.661,6.77704e+05,2.81448e+03,3.15259e-18
39266961154.7,3.662,6.78068e+05,2.81320e+03,3.14906e-18
39278195656.1,3.663,6.78427e+05,2.81195e+03,3.14560e-18
39289236416.9,3.664,6.78779e+05,2.81072e+03,3.14220e-18
39300086778.2,3.665,6.79125e+05,2.80951e+03,3.13886e-18
39310750023.5,3.666,6.79466e+05,2.80832e+03,3.13559e-18
39321229379.6,3.667,6.79800e+05,2.80715e+03,3.13237e-18
39331528017.7,3.668,6.80129e+05,2.80600e+03,3.12922e-18
39341649054.3,3.669,6.80452e+05,2.80487e+03,3.12612e-18
39351595552.2,3.670,6.80770e+05,2.80377e+03,3.12309e-18
39361370521.3,3.670,6.81082e+05,2.80268e+03,3.12010e-18
39370976919.7,3.671,6.81389e+05,2.80161e+03,3.11718e-18
39380417654.3,3.672,6.81691e+05,2.80057e+03,3.11430e-18
39389695582.2,3.673,6.81988e+05,2.79954e+03,3.11148e-18
39398813510.8,3.674,6.82279e+05,2.79852e+03,3.10871e-18
39407774199.5,3.675,6.82566e+05,2.79753e+03,3.10600e-18
39416580359.8,3.676,6.82847e+05,2.79656e+03,3.10333e-18
39425234656.6,3.676,6.83124e+05,2.79560e+03,3.10071e-18
39433739708.9,3.677,6.83396e+05,2.79466e+03,3.09814e-18
39442098090.2,3.678,6.83664e+05,2.79373e+03,3.09561e-18
39450312330.2,3.679,6.83927e+05,2.79282e+03,3.09313e-18
39458384914.3,3.680,6.84185e+05,2.79193e+03,3.09070e-18
39466318285.6,3.680,6.84439e+05,2.79105e+03,3.08831e-18
39474114844.8,3.681,6.84689e+05,2.79019e+03,3.08597e-18
39481776951.2,3.682,6.84934e+05,2.78935e+03,3.08366e-18
39489306923.5,3.682,6.85175e+05,2.78852e+03,3.08140e-18
39496707040.3,3.683,6.85412e+05,2.78770e+03,3.07918e-18
39503979541.0,3.684,6.85645e+05,2.78690e+03,3.07700e-18
39511126626.5,3.684,6.85874e+05,2.78611e+03,3.07486e-18
39518150459.4,3.685,6.86099e+05,2.78534e+03,3.07276e-18
39525053165.3,3.686,6.86321e+05,2.78458e+03,3.07070e-18
39531836833.1,3.686,6.86538e+05,2.78383e+03,3.06867e-18
39538503515.6,3.687,6.86752e+05,2.78310e+03,3.06668e-18
39545055230.1,3.688,6.86962e+05,2.78238e+03,3.06473e-18
39551493959.4,3.688,6.87169e+05,2.78167e+03,3.06281e-18
39557821651.9,3.689,6.87372e+05,2.78097e+03,3.06093e-18
39564040222.5,3.689,6.87571e+05,2.78029e+03,3.05908e-18
39570151552.9,3.690,6.87767e+05,2.77962e+03,3.05726e-18
39576157492.5,3.690,6.87960e+05,2.77896e+03,3.05547e-18
39582059858.9,3.691,6.88149e+05,2.77831e+03,3.05372e-18
39587860438.1,3.692,6.88336e+05,2.77768e+03,3.05200e-18
39593560985.4,3.692,6.88519e+05,2.77705e+03,3.05031e-18
39599163226.1,3.693,6.88698e+05,2.77644e+03,3.04865e-18
39604668855.2,3.693,6.88875e+05,2.77583e+03,3.04702e-18
39610079539.1,3.694,6.89049e+05,2.77524e+03,3.04542e-18
39615396914.9,3.694,6.89220e+05,2.77466e+03,3.04385e-18
39620622591.8,3.695,6.89388e+05,2.77409e+03,3.04231e-18
39625758151.1,3.695,6.89553e+05,2.77353e+03,3.04079e-18
39630805147.0,3.696,6.89715e+05,2.77297e+03,3.03930e-18
39635765106.7,3.696,6.89874e+05,2.77243e+03,3.03784e-18
39640639531.2,3.697,6.90031e+05,2.77190e+03,3.03640e-18
39645429895.6,3.697,6.90185e+05,2.77137e+03,3.03499e-18
39650137649.5,3.697,6.90336e+05,2.77086e+03,3.03361e-18
39654764217.4,3.698,6.90485e+05,2.77035e+03,3.03224e-18
39659310999.6,3.698,6.90631e+05,2.76986e+03,3.03091e-18
39663779371.8,3.699,6.90775e+05,2.76937e+03,3.02959e-18
39668170686.3,3.699,6.90916e+05,2.76889e+03,3.02830e-18
39672486272.0,3.699,6.91055e+05,2.76842e+03,3.02704e-18
39676727434.7,3.700,6.91191e+05,2.76796e+03,3.02579e-18
39680895458.0,3.700,6.91325e+05,2.76750e+03,3.02457e-18
39684991603.2,3.701,6.91457e+05,2.76705e+03,3.02337e-18
39689017109.7,3.701,6.91587e+05,2.76662e+03,3.02219e-18
39692973195.9,3.701,6.91714e+05,2.76618e+03,3.02103e-18
39696861058.7,3.702,6.91839e+05,2.76576e+03,3.01989e-18
39700681874.8,3.702,6.91962e+05,2.76534e+03,3.01878e-18
39704436800.4,3.702,6.92083e+05,2.76493e+03,3.01768e-18
39708126971.7,3.703,6.92202e+05,2.76453e+03,3.01660e-18
39711753505.5,3.703,6.92318e+05,2.76414e+03,3.01554e-18
39715317499.2,3.703,6.92433e+05,2.76375e+03,3.01450e-18
39718820031.4,3.704,6.92546e+05,2.76337e+03,3.01348e-18
39722262161.8,3.704,6.92657e+05,2.76299e+03,3.01247e-18
39725644932.3,3.704,6.92766e+05,2.76263e+03,3.01149e-18
39728969366.3,3.705,6.92873e+05,2.76226e+03,3.01052e-18
39732236470.1,3.705,6.92978e+05,2.76191e+03,3.00956e-18
39735447232.1,3.705,6.93081e+05,2.76156e+03,3.00863e-18
39738602624.1,3.706,6.93183e+05,2.76122e+03,3.00771e-18
39741703601.0,3.706,6.93283e+05,2.76088e+03,3.00681e-18
39744751101.0,3.706,6.93381e+05,2.76055e+03,3.00592e-18
39747746046.5,3.706,6.93478e+05,2.76022e+03,3.00505e-18
39750740991.9,3.707,6.93574e+05,2.75990e+03,3.00418e-18
39753735937.4,3.707,6.93671e+05,2.75957e+03,3.00331e-18
39756730882.8,3.707,6.93767e+05,2.75925e+03,3.00244e-18
39759725828.3,3.708,6.93864e+05,2.75892e+03,3.00157e-18
39762720773.8,3.708,6.93960e+05,2.75860e+03,3.00070e-18
39765715719.2,3.708,6.94057e+05,2.75827e+03,2.99983e-18
39768710664.7,3.708,6.94153e+05,2.75794e+03,2.99896e-18
39771705610.1,3.709,6.94250e+05,2.75762e+03,2.99809e-18
39774700555.6,3.709,6.94347e+05,2.75729e+03,2.99722e-18
39777695501.1,3.709,6.94443e+05,2.75697e+03,2.99635e-18
39780690446.5,3.710,6.94540e+05,2.75664e+03,2.99549e-18
39783685392.0,3.710,6.94636e+05,2.75632e+03,2.99462e-18
39786680337.5,3.710,6.94733e+05,2.75599e+03,2.99375e-18
39789675282.9,3.710,6.94830e+05,2.75567e+03,2.99289e-18
39792670228.4,3.711,6.94926e+05,2.75535e+03,2.99202e-18
39795665173.8,3.711,6.95023e+05,2.75502e+03,2.99115e-18
39798660119.3,3.711,6.95119e+05,2.75470e+03,2.99029e-18
39801655064.8,3.712,6.95216e+05,2.75437e+03,2.98942e-18
39804650010.2,3.712,6.95313e+05,2.75405e+03,2.98856e-18
39807644955.7,3.712,6.95409e+05,2.75372e+03,2.98769e-18
39810639901.2,3.712,6.95506e+05,2.75340e+03,2.98683e-18
39813634846.6,3.713,6.95603e+05,2.75307e+03,2.98596e-18
39816629792.1,3.713,6.95699e+05,2.75275e+03,2.98510e-18
39819624737.5,3.713,6.95796e+05,2.75242e+03,2.98423e-18
39822619683.0,3.713,6.95893e+05,2.75210e+03,2.98337e-18
39825614628.5,3.714,6.95990e+05,2.75178e+03,2.98251e-18
39828609573.9,3.714,6.96086e+05,2.75145e+03,2.98164e-18
39831604519.4,3.714,6.96183e+05,2.75113e+03,2.98078e-18
39834599464.9,3.715,6.96280e+05,2.75080e+03,2.97992e-18
39837594410.3,3.715,6.96376e+05,2.75048e+03,2.97906e-18
39840589355.8,3.715,6.96473e+05,2.75016e+03,2.97820e-18
39843584301.2,3.715,6.96570e+05,2.74983e+03,2.97733e-18
39846579246.7,3.716,6.96667e+05,2.74951e+03,2.97647e-18
39849574192.2,3.716,6.96764e+05,2.74918e+03,2.97561e-18
39852569137.6,3.716,6.96860e+05,2.74886e+03,2.97475e-18
39855564083.1,3.717,6.96957e+05,2.74854e+03,2.97389e-18
39858559028.5,3.717,6.97054e+05,2.74821e+03,2.97303e-18
39861553974.0,3.717,6.97151e+05,2.74789e+03,2.97217e-18
39864548919.5,3.717,6.97248e+05,2.74757e+03,2.97131e-18
39867543864.9,3.718,6.97344e+05,2.74724e+03,2.97045e-18
39870538810.4,3.718,6.97441e+05,2.74692e+03,2.96960e-18
39873533755.9,3.718,6.97538e+05,2.74660e+03,2.96874e-18
39876528701.3,3.719,6.97635e+05,2.74627e+03,2.96788e-18
39879523646.8,3.719,6.97732e+05,2.74595e+03,2.96702e-18
39882518592.2,3.719,6.97829e+05,2.74563e+03,2.96616e-18
39885513537.7,3.719,6.97926e+05,2.74530e+03,2.96531e-18
39888508483.2,3.720,6.98023e+05,2.74498e+03,2.96445e-18
39891503428.6,3.720,6.98119e+05,2.74466e+03,2.96359e-18
39894498374.1,3.720,6.98216e+05,2.74433e+03,2.96274e-18
39897493319.6,3.720,6.98313e+05,2.74401e+03,2.96188e-18
39900488265.0,3.721,6.98410e+05,2.74369e+03,2.96103e-18
39903483210.5,3.721,6.98507e+05,2.74336e+03,2.96017e-18
39906478155.9,3.721,6.98604e+05,2.74304e+03,2.95932e-18
39909473101.4,3.722,6.98701e+05,2.74272e+03,2.95846e-18
39912468046.9,3.722,6.98798e+05,2.74240e+03,2.95761e-18
39915462992.3,3.722,6.98895e+05,2.74207e+03,2.95675e-18
39918457937.8,3.722,6.98992e+05,2.74175e+03,2.95590e-18
39921452883.3,3.723,6.99089e+05,2.74143e+03,2.95504e-18
39924447828.7,3.723,6.99186e+05,2.74111e+03,2.95419e-18
39927442774.2,3.723,6.99283e+05,2.74078e+03,2.95334e-18
39930437719.6,3.724,6.99380e+05,2.74046e+03,2.95249e-18
39933432665.1,3.724,6.99477e+05,2.74014e+03,2.95163e-18
39936427610.6,3.724,6.99574e+05,2.73982e+03,2.95078e-18
39939422556.0,3.724,6.99671e+05,2.73949e+03,2.94993e-18
39942417501.5,3.725,6.99768e+05,2.73917e+03,2.94908e-18
39945412446.9,3.725,6.99865e+05,2.73885e+03,2.94823e-18
39948407392.4,3.725,6.99962e+05,2.73853e+03,2.94738e-18
39951402337.9,3.725,7.00059e+05,2.73821e+03,2.94652e-18
39954397283.3,3.726,7.00157e+05,2.73788e+03,2.94567e-18
39957392228.8,3.726,7.00254e+05,2.73756e+03,2.94482e-18
39960387174.3,3.726,7.00351e+05,2.73724e+03,2.94397e-18
39963382119.7,3.727,7.00448e+05,2.73692e+03,2.94313e-18
39966377065.2,3.727,7.00545e+05,2.73659e+03,2.94228e-18
39969372010.6,3.727,7.00642e+05,2.73627e+03,2.94143e-18
39972366956.1,3.727,7.00739e+05,2.73595e+03,2.94058e-18
39975361901.6,3.728,7.00837e+05,2.73563e+03,2.93973e-18
39978356847.0,3.728,7.00934e+05,2.73531e+03,2.93888e-18
39981351792.5,3.728,7.01031e+05,2.73499e+03,2.93804e-18
39984346738.0,3.729,7.01128e+05,2.73466e+03,2.93719e-18
39987341683.4,3.729,7.01225e+05,2.73434e+03,2.93634e-18
39990336628.9,3.729,7.01323e+05,2.73402e+03,2.93549e-18
39993331574.3,3.729,7.01420e+05,2.73370e+03,2.93465e-18
39996326519.8,3.730,7.01517e+05,2.73338e+03,2.93380e-18
39999321465.3,3.730,7.01614e+05,2.73306e+03,2.93295e-18
40002316410.7,3.730,7.01712e+05,2.73274e+03,2.93211e-18
40005311356.2,3.731,7.01809e+05,2.73241e+03,2.93126e-18
40008306301.7,3.731,7.01906e+05,2.73209e+03,2.93042e-18
40011301247.1,3.731,7.02003e+05,2.73177e+03,2.92957e-18
40014296192.6,3.731,7.02101e+05,2.73145e+03,2.92873e-18
40017291138.0,3.732,7.02198e+05,2.73113e+03,2.92789e-18
40020286083.5,3.732,7.02295e+05,2.73081e+03,2.92704e-18
40023281029.0,3.732,7.02393e+05,2.73049e+03,2.92620e-18
40026275974.4,3.732,7.02490e+05,2.73017e+03,2.92535e-18
40029270919.9,3.733,7.02588e+05,2.72985e+03,2.92451e-18
40032265865.3,3.733,7.02685e+05,2.72952e+03,2.92367e-18
40035260810.8,3.733,7.02782e+05,2.72920e+03,2.92283e-18
40038255756.3,3.734,7.02880e+05,2.72888e+03,2.92198e-18
40041250701.7,3.734,7.02977e+05,2.72856e+03,2.92114e-18
40044245647.2,3.734,7.03075e+05,2.72824e+03,2.92030e-18
40047240592.7,3.734,7.03172e+05,2.72792e+03,2.91946e-18
40050235538.1,3.735,7.03269e+05,2.72760e+03,2.91862e-18
40053230483.6,3.735,7.03367e+05,2.72728e+03,2.91778e-18
40056225429.0,3.735,7.03464e+05,2.72696e+03,2.91694e-18
40059220374.5,3.736,7.03562e+05,2.72664e+03,2.91610e-18
40062215320.0,3.736,7.03659e+05,2.72632e+03,2.91526e-18
40065210265.4,3.736,7.03757e+05,2.72600e+03,2.91442e-18
40068205210.9,3.736,7.03854e+05,2.72568e+03,2.91358e-18
40071200156.4,3.737,7.03952e+05,2.72536e+03,2.91274e-18
40074195101.8,3.737,7.04050e+05,2.72504e+03,2.91190e-18
40077190047.3,3.737,7.04147e+05,2.72471e+03,2.91106e-18
40080184992.7,3.737,7.04245e+05,2.72439e+03,2.91022e-18
40083179938.2,3.738,7.04342e+05,2.72407e+03,2.90938e-18
40086174883.7,3.738,7.04440e+05,2.72375e+03,2.90855e-18
40089169829.1,3.738,7.04537e+05,2.72343e+03,2.90771e-18
40092164774.6,3.739,7.04635e+05,2.72311e+03,2.90687e-18
40095159720.0,3.739,7.04733e+05,2.72279e+03,2.90603e-18
40098154665.5,3.739,7.04830e+05,2.72247e+03,2.90520e-18
40101149611.0,3.739,7.04928e+05,2.72215e+03,2.90436e-18
40104144556.4,3.740,7.05026e+05,2.72183e+03,2.90353e-18
40107139501.9,3.740,7.05123e+05,2.72151e+03,2.90269e-18
40110134447.4,3.740,7.05221e+05,2.72119e+03,2.90185e-18
40113129392.8,3.741,7.05319e+05,2.72087e+03,2.90102e-18
40116124338.3,3.741,7.05416e+05,2.72055e+03,2.90018e-18
40119119283.7,3.741,7.05514e+05,2.72023e+03,2.89935e-18
40122114229.2,3.741,7.05612e+05,2.71991e+03,2.89851e-18
40125109174.7,3.742,7.05710e+05,2.71959e+03,2.89768e-18
40128104120.1,3.742,7.05808e+05,2.71928e+03,2.89685e-18
40131099065.6,3.742,7.05905e+05,2.71896e+03,2.89601e-18
40134094011.1,3.743,7.06003e+05,2.71864e+03,2.89518e-18
40137088956.5,3.743,7.06101e+05,2.71832e+03,2.89435e-18
40140083902.0,3.743,7.06199e+05,2.71800e+03,2.89351e-18
40143078847.4,3.743,7.06297e+05,2.71768e+03,2.89268e-18
40146073792.9,3.744,7.06395e+05,2.71736e+03,2.89185e-18
40149068738.4,3.744,7.06492e+05,2.71704e+03,2.89102e-18
40152063683.8,3.744,7.06590e+05,2.71672e+03,2.89019e-18
40155058629.3,3.744,7.06688e+05,2.71640e+03,2.88935e-18
40158053574.8,3.745,7.06786e+05,2.71608e+03,2.88852e-18
40161048520.2,3.745,7.06884e+05,2.71576e+03,2.88769e-18
40164043465.7,3.745,7.06982e+05,2.71544e+03,2.88686e-18
40167038411.1,3.746,7.07080e+05,2.71512e+03,2.88603e-18
40170033356.6,3.746,7.07178e+05,2.71480e+03,2.88520e-18
40173028302.1,3.746,7.07276e+05,2.71448e+03,2.88437e-18
40176023247.5,3.746,7.07374e+05,2.71417e+03,2.88354e-18
40179018193.0,3.747,7.07472e+05,2.71385e+03,2.88271e-18
40182013138.4,3.747,7.07570e+05,2.71353e+03,2.88188e-18
40185008083.9,3.747,7.07668e+05,2.71321e+03,2.88105e-18
40188003029.4,3.748,7.07766e+05,2.71289e+03,2.88023e-18
40190997974.8,3.748,7.07864e+05,2.71257e+03,2.87940e-18
40193992920.3,3.748,7.07962e+05,2.71225e+03,2.87857e-18
40196987865.8,3.748,7.08061e+05,2.71193e+03,2.87774e-18
40199982811.2,3.749,7.08159e+05,2.71161e+03,2.87691e-18
40202977756.7,3.749,7.08257e+05,2.71129e+03,2.87609e-18
40205972702.1,3.749,7.08355e+05,2.71098e+03,2.87526e-18
40208967647.6,3.750,7.08453e+05,2.71066e+03,2.87443e-18
40211962593.1,3.750,7.08551e+05,2.71034e+03,2.87361e-18
40214957538.5,3.750,7.08650e+05,2.71002e+03,2.87278e-18
40217952484.0,3.750,7.08748e+05,2.70970e+03,2.87195e-18
40220947429.5,3.751,7.08846e+05,2.70938e+03,2.87113e-18
40223942374.9,3.751,7.08944e+05,2.70906e+03,2.87030e-18
40226937320.4,3.751,7.09043e+05,2.70874e+03,2.86948e-18
40229932265.8,3.751,7.09141e+05,2.70843e+03,2.86865e-18
40232927211.3,3.752,7.09239e+05,2.70811e+03,2.86783e-18
40235922156.8,3.752,7.09338e+05,2.70779e+03,2.86700e-18
40238917102.2,3.752,7.09436e+05,2.70747e+03,2.86618e-18
40241912047.7,3.753,7.09534e+05,2.70715e+03,2.86536e-18
40244906993.2,3.753,7.09633e+05,2.70683e+03,2.86453e-18
40247901938.6,3.753,7.09731e+05,2.70652e+03,2.86371e-18
40250896884.1,3.753,7.09830e+05,2.70620e+03,2.86288e-18
40253891829.5,3.754,7.09928e+05,2.70588e+03,2.86206e-18
40256886775.0,3.754,7.10027e+05,2.70556e+03,2.86124e-18
40259881720.5,3.754,7.10125e+05,2.70524e+03,2.86042e-18
40262876665.9,3.755,7.10224e+05,2.70492e+03,2.85959e-18
40265871611.4,3.755,7.10322e+05,2.70461e+03,2.85877e-18
40268866556.8,3.755,7.10421e+05,2.70429e+03,2.85795e-18
40271861502.3,3.755,7.10519e+05,2.70397e+03,2.85713e-18
40274856447.8,3.756,7.10618e+05,2.70365e+03,2.85631e-18
40277851393.2,3.756,7.10716e+05,2.70333e+03,2.85549e-18
40280846338.7,3.756,7.10815e+05,2.70301e+03,2.85467e-18
40283841284.2,3.756,7.10914e+05,2.70270e+03,2.85385e-18
40286836229.6,3.757,7.11012e+05,2.70238e+03,2.85303e-18
40289831175.1,3.757,7.11111e+05,2.70206e+03,2.85221e-18
40292826120.5,3.757,7.11210e+05,2.70174e+03,2.85139e-18
40295821066.0,3.758,7.11308e+05,2.70142e+03,2.85057e-18
40298816011.5,3.758,7.11407e+05,2.70111e+03,2.84975e-18
40301810956.9,3.758,7.11506e+05,2.70079e+03,2.84893e-18
40304805902.4,3.758,7.11605e+05,2.70047e+03,2.84811e-18
40307800847.9,3.759,7.11704e+05,2.70015e+03,2.84729e-18
40310795793.3,3.759,7.11802e+05,2.69983e+03,2.84647e-18
40313790738.8,3.759,7.11901e+05,2.69952e+03,2.84565e-18
40316785684.2,3.760,7.12000e+05,2.69920e+03,2.84484e-18
40319780629.7,3.760,7.12099e+05,2.69888e+03,2.84402e-18
40322775575.2,3.760,7.12198e+05,2.69856e+03,2.84320e-18
40325770520.6,3.760,7.12297e+05,2.69824e+03,2.84238e-18
40328765466.1,3.761,7.12396e+05,2.69793e+03,2.84157e-18
40331760411.6,3.761,7.12495e+05,2.69761e+03,2.84075e-18
40334755357.0,3.761,7.12594e+05,2.69729e+03,2.83993e-18
40337750302.5,3.762,7.12693e+05,2.69697e+03,2.83912e-18
40340745247.9,3.762,7.12792e+05,2.69665e+03,2.83830e-18
40343740193.4,3.762,7.12891e+05,2.69634e+03,2.83749e-18
40346735138.9,3.762,7.12990e+05,2.69602e+03,2.83667e-18
40349730084.3,3.763,7.13089e+05,2.69570e+03,2.83585e-18
40352725029.8,3.763,7.13188e+05,2.69538e+03,2.83504e-18
40355719975.2,3.763,7.13287e+05,2.69507e+03,2.83422e-18
40358714920.7,3.763,7.13387e+05,2.69475e+03,2.83341e-18
40361709866.2,3.764,7.13486e+05,2.69443e+03,2.83260e-18
40364704811.6,3.764,7.13585e+05,2.69411e+03,2.83178e-18
40367699757.1,3.764,7.13684e+05,2.69379e+03,2.83097e-18
40370694702.6,3.765,7.13784e+05,2.69348e+03,2.83015e-18
40373689648.0,3.765,7.13883e+05,2.69316e+03,2.82934e-18
40376684593.5,3.765,7.13982e+05,2.69284e+03,2.82853e-18
40379679538.9,3.765,7.14082e+05,2.69252e+03,2.82771e-18
40382674484.4,3.766,7.14181e+05,2.69221e+03,2.82690e-18
40385669429.9,3.766,7.14281e+05,2.69189e+03,2.82609e-18
40388664375.3,3.766,7.14380e+05,2.69157e+03,2.82528e-18
40391659320.8,3.767,7.14480e+05,2.69125e+03,2.82446e-18
40394654266.3,3.767,7.14579e+05,2.69094e+03,2.82365e-18
40397649211.7,3.767,7.14679e+05,2.69062e+03,2.82284e-18
40400644157.2,3.767,7.14778e+05,2.69030e+03,2.82203e-18
40403639102.6,3.768,7.14878e+05,2.68998e+03,2.82122e-18
40406634048.1,3.768,7.14977e+05,2.68966e+03,2.82040e-18
40409628993.6,3.768,7.15077e+05,2.68935e+03,2.81959e-18
40412623939.0,3.768,7.15177e+05,2.68903e+03,2.81878e-18
40415618884.5,3.769,7.15276e+05,2.68871e+03,2.81797e-18
40418613829.9,3.769,7.15376e+05,2.68839e+03,2.81716e-18
40421608775.4,3.769,7.15476e+05,2.68808e+03,2.81635e-18
40424603720.9,3.770,7.15576e+05,2.68776e+03,2.81554e-18
40427598666.3,3.770,7.15676e+05,2.68744e+03,2.81473e-18
40430593611.8,3.770,7.15775e+05,2.68712e+03,2.81392e-18
40433588557.3,3.770,7.15875e+05,2.68681e+03,2.81311e-18
40436583502.7,3.771,7.15975e+05,2.68649e+03,2.81230e-18
40439578448.2,3.771,7.16075e+05,2.68617e+03,2.81149e-18
40442573393.6,3.771,7.16175e+05,2.68585e+03,2.81069e-18
40445568339.1,3.772,7.16275e+05,2.68553e+03,2.80988e-18
40448563284.6,3.772,7.16375e+05,2.68522e+03,2.80907e-18
40451558230.0,3.772,7.16475e+05,2.68490e+03,2.80826e-18
40454553175.5,3.772,7.16576e+05,2.68458e+03,2.80745e-18
40457548121.0,3.773,7.16676e+05,2.68426e+03,2.80664e-18
40460543066.4,3.773,7.16776e+05,2.68395e+03,2.80584e-18
40463538011.9,3.773,7.16876e+05,2.68363e+03,2.80503e-18
40466532957.3,3.774,7.16976e+05,2.68331e+03,2.80422e-18
40469527902.8,3.774,7.17077e+05,2.68299e+03,2.80341e-18
40472522848.3,3.774,7.17177e+05,2.68267e+03,2.80261e-18
40475517793.7,3.774,7.17277e+05,2.68236e+03,2.80180e-18
40478512739.2,3.775,7.17378e+05,2.68204e+03,2.80099e-18
40481507684.7,3.775,7.17478e+05,2.68172e+03,2.80019e-18
40484502630.1,3.775,7.17579e+05,2.68140e+03,2.79938e-18
40487497575.6,3.775,7.17679e+05,2.68108e+03,2.79858e-18
40490492521.0,3.776,7.17780e+05,2.68077e+03,2.79777e-18
40493487466.5,3.776,7.17880e+05,2.68045e+03,2.79696e-18
40496482412.0,3.776,7.17981e+05,2.68013e+03,2.79616e-18
40499477357.4,3.777,7.18081e+05,2.67981e+03,2.79535e-18
40502472302.9,3.777,7.18182e+05,2.67949e+03,2.79455e-18
40505467248.3,3.777,7.18283e+05,2.67918e+03,2.79374e-18
40508462193.8,3.777,7.18383e+05,2.67886e+03,2.79294e-18
40511457139.3,3.778,7.18484e+05,2.67854e+03,2.79213e-18
40514452084.7,3.778,7.18585e+05,2.67822e+03,2.79133e-18
40517447030.2,3.778,7.18686e+05,2.67790e+03,2.79052e-18
40520441975.7,3.779,7.18787e+05,2.67759e+03,2.78972e-18
40523436921.1,3.779,7.18888e+05,2.67727e+03,2.78892e-18
40526431866.6,3.779,7.18989e+05,2.67695e+03,2.78811e-18
40529426812.0,3.779,7.19090e+05,2.67663e+03,2.78731e-18
40532421757.5,3.780,7.19191e+05,2.67631e+03,2.78651e-18
40535416703.0,3.780,7.19292e+05,2.67600e+03,2.78570e-18
40538411648.4,3.780,7.19393e+05,2.67568e+03,2.78490e-18
40541406593.9,3.781,7.19494e+05,2.67536e+03,2.78410e-18
40544401539.4,3.781,7.19595e+05,2.67504e+03,2.78329e-18
40547396484.8,3.781,7.19696e+05,2.67472e+03,2.78249e-18
40550391430.3,3.781,7.19797e+05,2.67441e+03,2.78169e-18
40553386375.7,3.782,7.19899e+05,2.67409e+03,2.78089e-18
40556381321.2,3.782,7.20000e+05,2.67377e+03,2.78009e-18
40559376266.7,3.782,7.20101e+05,2.67345e+03,2.77928e-18
40562371212.1,3.782,7.20203e+05,2.67313e+03,2.77848e-18
40565366157.6,3.783,7.20304e+05,2.67281e+03,2.77768e-18
40568361103.1,3.783,7.20405e+05,2.67250e+03,2.77688e-18
40571356048.5,3.783,7.20507e+05,2.67218e+03,2.77608e-18
40574350994.0,3.784,7.20608e+05,2.67186e+03,2.77528e-18
40577345939.4,3.784,7.20710e+05,2.67154e+03,2.77448e-18
40580340884.9,3.784,7.20811e+05,2.67122e+03,2.77368e-18
40583335830.4,3.784,7.20913e+05,2.67091e+03,2.77288e-18
40586330775.8,3.785,7.21014e+05,2.67059e+03,2.77208e-18
40589325721.3,3.785,7.21116e+05,2.67027e+03,2.77128e-18
40592320666.7,3.785,7.21217e+05,2.66995e+03,2.77048e-18
40595315612.2,3.786,7.21319e+05,2.66963e+03,2.76968e-18
40598310557.7,3.786,7.21421e+05,2.66931e+03,2.76888e-18
40601305503.1,3.786,7.21522e+05,2.66900e+03,2.76808e-18
40604300448.6,3.786,7.21624e+05,2.66868e+03,2.76729e-18
40607295394.1,3.787,7.21726e+05,2.66836e+03,2.76649e-18
40610290339.5,3.787,7.21827e+05,2.66804e+03,2.76569e-18
40613285285.0,3.787,7.21929e+05,2.66772e+03,2.76489e-18
40616280230.4,3.787,7.22031e+05,2.66741e+03,2.76410e-18
40619275175.9,3.788,7.22133e+05,2.66709e+03,2.76330e-18
40622270121.4,3.788,7.22234e+05,2.66677e+03,2.76250e-18
40625265066.8,3.788,7.22336e+05,2.66645e+03,2.76171e-18
40628260012.3,3.789,7.22438e+05,2.66614e+03,2.76091e-18
40631254957.8,3.789,7.22540e+05,2.66582e+03,2.76011e-18
40634249903.2,3.789,7.22641e+05,2.66550e+03,2.75932e-18
40637244848.7,3.789,7.22743e+05,2.66518e+03,2.75852e-18
40640239794.1,3.790,7.22845e+05,2.66487e+03,2.75773e-18
40643234739.6,3.790,7.22947e+05,2.66455e+03,2.75693e-18
40646229685.1,3.790,7.23049e+05,2.66423e+03,2.75614e-18
40649224630.5,3.791,7.23150e+05,2.66391e+03,2.75534e-18
40652219576.0,3.791,7.23252e+05,2.66360e+03,2.75455e-18
40655214521.5,3.791,7.23354e+05,2.66328e+03,2.75376e-18
40658209466.9,3.791,7.23456e+05,2.66296e+03,2.75297e-18
40661204412.4,3.792,7.23557e+05,2.66265e+03,2.75217e-18
40664199357.8,3.792,7.23659e+05,2.66233e+03,2.75138e-18
40667194303.3,3.792,7.23761e+05,2.66201e+03,2.75059e-18
40670189248.8,3.793,7.23862e+05,2.66170e+03,2.74980e-18
40673184194.2,3.793,7.23964e+05,2.66138e+03,2.74901e-18
40676179139.7,3.793,7.24066e+05,2.66106e+03,2.74822e-18
40679174085.1,3.793,7.24167e+05,2.66075e+03,2.74743e-18
40682169030.6,3.794,7.24269e+05,2.66043e+03,2.74664e-18
40685163976.1,3.794,7.24370e+05,2.66012e+03,2.74585e-18
40688158921.5,3.794,7.24472e+05,2.65980e+03,2.74506e-18
40691153867.0,3.794,7.24574e+05,2.65949e+03,2.74427e-18
40694148812.5,3.795,7.24675e+05,2.65917e+03,2.74348e-18
40697143757.9,3.795,7.24776e+05,2.65885e+03,2.74269e-18
40700138703.4,3.795,7.24878e+05,2.65854e+03,2.74191e-18
40703133648.8,3.796,7.24979e+05,2.65822e+03,2.74112e-18
40706128594.3,3.796,7.25081e+05,2.65791e+03,2.74033e-18
40709123539.8,3.796,7.25182e+05,2.65760e+03,2.73955e-18
40712118485.2,3.796,7.25283e+05,2.65728e+03,2.73876e-18
40715113430.7,3.797,7.25384e+05,2.65697e+03,2.73798e-18
40718108376.2,3.797,7.25486e+05,2.65665e+03,2.73719e-18
40721103321.6,3.797,7.25587e+05,2.65634e+03,2.73641e-18
40724098267.1,3.798,7.25688e+05,2.65603e+03,2.73562e-18
40727093212.5,3.798,7.25789e+05,2.65571e+03,2.73484e-18
40730088158.0,3.798,7.25890e+05,2.65540e+03,2.73406e-18
40733083103.5,3.798,7.25991e+05,2.65509e+03,2.73328e-18
40736078048.9,3.799,7.26092e+05,2.65477e+03,2.73249e-18
40739072994.4,3.799,7.26192e+05,2.65446e+03,2.73171e-18
40742067939.8,3.799,7.26293e+05,2.65415e+03,2.73093e-18
40745062885.3,3.799,7.26394e+05,2.65383e+03,2.73015e-18
40748057830.8,3.800,7.26495e+05,2.65352e+03,2.72937e-18
40751052776.2,3.800,7.26595e+05,2.65321e+03,2.72859e-18
40754047721.7,3.800,7.26696e+05,2.65290e+03,2.72781e-18
40757042667.2,3.801,7.26796e+05,2.65259e+03,2.72704e-18
40760037612.6,3.801,7.26897e+05,2.65228e+03,2.72626e-18
40763032558.1,3.801,7.26997e+05,2.65196e+03,2.72548e-18
40766027503.5,3.801,7.27098e+05,2.65165e+03,2.72471e-18
40769022449.0,3.802,7.27198e+05,2.65134e+03,2.72393e-18
40772017394.5,3.802,7.27298e+05,2.65103e+03,2.72315e-18
40775012339.9,3.802,7.27399e+05,2.65072e+03,2.72238e-18
40778007285.4,3.803,7.27499e+05,2.65041e+03,2.72160e-18
40781002230.9,3.803,7.27599e+05,2.65010e+03,2.72083e-18
40783997176.3,3.803,7.27699e+05,2.64979e+03,2.72006e-18
40786992121.8,3.803,7.27799e+05,2.64948e+03,2.71928e-18
40789987067.2,3.804,7.27899e+05,2.64917e+03,2.71851e-18
40792982012.7,3.804,7.27999e+05,2.64886e+03,2.71774e-18
40795976958.2,3.804,7.28099e+05,2.64856e+03,2.71697e-18
40798971903.6,3.805,7.28198e+05,2.64825e+03,2.71619e-18
40801966849.1,3.805,7.28298e+05,2.64794e+03,2.71542e-18
40804961794.6,3.805,7.28398e+05,2.64763e+03,2.71465e-18
40807956740.0,3.805,7.28498e+05,2.64732e+03,2.71388e-18
40810951685.5,3.806,7.28597e+05,2.64701e+03,2.71312e-18
40813946630.9,3.806,7.28697e+05,2.64671e+03,2.71235e-18
40816941576.4,3.806,7.28796e+05,2.64640e+03,2.71158e-18
40819936521.9,3.806,7.28896e+05,2.64609e+03,2.71081e-18
40822931467.3,3.807,7.28995e+05,2.64578e+03,2.71004e-18
40825926412.8,3.807,7.29094e+05,2.64548e+03,2.70928e-18
40828921358.2,3.807,7.29194e+05,2.64517e+03,2.70851e-18
40831916303.7,3.808,7.29293e+05,2.64486e+03,2.70774e-18
40834911249.2,3.808,7.29392e+05,2.64456e+03,2.70698e-18
40837906194.6,3.808,7.29491e+05,2.64425e+03,2.70621e-18
40840901140.1,3.808,7.29591e+05,2.64394e+03,2.70545e-18
40843896085.6,3.809,7.29690e+05,2.64364e+03,2.70468e-18
40846891031.0,3.809,7.29789e+05,2.64333e+03,2.70392e-18
40849885976.5,3.809,7.29888e+05,2.64302e+03,2.70316e-18
40852880921.9,3.810,7.29987e+05,2.64272e+03,2.70239e-18
40855875867.4,3.810,7.30086e+05,2.64241e+03,2.70163e-18
40858870812.9,3.810,7.30185e+05,2.64211e+03,2.70087e-18
40861865758.3,3.810,7.30284e+05,2.64180e+03,2.70011e-18
40864860703.8,3.811,7.30382e+05,2.64150e+03,2.69935e-18
40867855649.3,3.811,7.30481e+05,2.64119e+03,2.69859e-18
40870850594.7,3.811,7.30580e+05,2.64089e+03,2.69783e-18
40873845540.2,3.812,7.30679e+05,2.64058e+03,2.69707e-18
40876840485.6,3.812,7.30777e+05,2.64028e+03,2.69631e-18
40879835431.1,3.812,7.30876e+05,2.63998e+03,2.69555e-18
40882830376.6,3.812,7.30975e+05,2.63967e+03,2.69479e-18
40885825322.0,3.813,7.31073e+05,2.63937e+03,2.69403e-18
40888820267.5,3.813,7.31172e+05,2.63906e+03,2.69327e-18
40891815213.0,3.813,7.31271e+05,2.63876e+03,2.69252e-18
40894810158.4,3.813,7.31369e+05,2.63846e+03,2.69176e-18
40897805103.9,3.814,7.31468e+05,2.63815e+03,2.69100e-18
40900800049.3,3.814,7.31566e+05,2.63785e+03,2.69025e-18
40903794994.8,3.814,7.31665e+05,2.63755e+03,2.68949e-18
40906789940.3,3.815,7.31763e+05,2.63724e+03,2.68873e-18
40909784885.7,3.815,7.31862e+05,2.63694e+03,2.68798e-18
40912779831.2,3.815,7.31960e+05,2.63664e+03,2.68722e-18
40915774776.6,3.815,7.32058e+05,2.63633e+03,2.68647e-18
40918769722.1,3.816,7.32157e+05,2.63603e+03,2.68571e-18
40921764667.6,3.816,7.32255e+05,2.63573e+03,2.68496e-18
40924759613.0,3.816,7.32353e+05,2.63543e+03,2.68421e-18
40927754558.5,3.817,7.32452e+05,2.63512e+03,2.68345e-18
40930749504.0,3.817,7.32550e+05,2.63482e+03,2.68270e-18
40933744449.4,3.817,7.32648e+05,2.63452e+03,2.68195e-18
40936739394.9,3.817,7.32747e+05,2.63422e+03,2.68120e-18
40939734340.3,3.818,7.32845e+05,2.63392e+03,2.68045e-18
40942729285.8,3.818,7.32943e+05,2.63361e+03,2.67969e-18
40945724231.3,3.818,7.33041e+05,2.63331e+03,2.67894e-18
40948719176.7,3.818,7.33140e+05,2.63301e+03,2.67819e-18
40951714122.2,3.819,7.33238e+05,2.63271e+03,2.67744e-18
40954709067.7,3.819,7.33336e+05,2.63241e+03,2.67669e-18
40957704013.1,3.819,7.33434e+05,2.63211e+03,2.67594e-18
40960698958.6,3.820,7.33532e+05,2.63181e+03,2.67519e-18
40963693904.0,3.820,7.33631e+05,2.63150e+03,2.67444e-18
40966688849.5,3.820,7.33729e+05,2.63120e+03,2.67370e-18
40969683795.0,3.820,7.33827e+05,2.63090e+03,2.67295e-18
40972678740.4,3.821,7.33925e+05,2.63060e+03,2.67220e-18
40975673685.9,3.821,7.34023e+05,2.63030e+03,2.67145e-18
40978668631.4,3.821,7.34121e+05,2.63000e+03,2.67070e-18
40981663576.8,3.822,7.34219e+05,2.62970e+03,2.66996e-18
40984658522.3,3.822,7.34317e+05,2.62940e+03,2.66921e-18
40987653467.7,3.822,7.34415e+05,2.62910e+03,2.66846e-18
40990648413.2,3.822,7.34513e+05,2.62880e+03,2.66772e-18
40993643358.7,3.823,7.34611e+05,2.62850e+03,2.66697e-18
40996638304.1,3.823,7.34709e+05,2.62820e+03,2.66623e-18
40999633249.6,3.823,7.34808e+05,2.62790e+03,2.66548e-18
41002628195.0,3.824,7.34906e+05,2.62760e+03,2.66474e-18
41005623140.5,3.824,7.35004e+05,2.62730e+03,2.66399e-18
41008618086.0,3.824,7.35102e+05,2.62700e+03,2.66325e-18
41011613031.4,3.824,7.35200e+05,2.62670e+03,2.66250e-18
41014607976.9,3.825,7.35298e+05,2.62640e+03,2.66176e-18
41017602922.4,3.825,7.35396e+05,2.62610e+03,2.66102e-18
41020597867.8,3.825,7.35494e+05,2.62580e+03,2.66027e-18
41023592813.3,3.825,7.35592e+05,2.62550e+03,2.65953e-18
41026587758.7,3.826,7.35690e+05,2.62520e+03,2.65879e-18
41029582704.2,3.826,7.35787e+05,2.62490e+03,2.65805e-18
41032577649.7,3.826,7.35885e+05,2.62460e+03,2.65730e-18
41035572595.1,3.827,7.35983e+05,2.62430e+03,2.65656e-18
41038567540.6,3.827,7.36081e+05,2.62400e+03,2.65582e-18
41041562486.1,3.827,7.36179e+05,2.62371e+03,2.65508e-18
41044557431.5,3.827,7.36277e+05,2.62341e+03,2.65434e-18
41047552377.0,3.828,7.36375e+05,2.62311e+03,2.65360e-18
41050547322.4,3.828,7.36473e+05,2.62281e+03,2.65286e-18
41053542267.9,3.828,7.36571e+05,2.62251e+03,2.65212e-18
41056537213.4,3.829,7.36669e+05,2.62221e+03,2.65138e-18
41059532158.8,3.829,7.36767e+05,2.62191e+03,2.65064e-18
41062527104.3,3.829,7.36865e+05,2.62162e+03,2.64990e-18
41065522049.7,3.829,7.36963e+05,2.62132e+03,2.64916e-18
41068516995.2,3.830,7.37060e+05,2.62102e+03,2.64843e-18
41071511940.7,3.830,7.37158e+05,2.62072e+03,2.64769e-18
41074506886.1,3.830,7.37256e+05,2.62042e+03,2.64695e-18
41077501831.6,3.830,7.37354e+05,2.62013e+03,2.64621e-18
41080496777.1,3.831,7.37452e+05,2.61983e+03,2.64548e-18
41083491722.5,3.831,7.37550e+05,2.61953e+03,2.64474e-18
41086486668.0,3.831,7.37648e+05,2.61923e+03,2.64400e-18
41089481613.4,3.832,7.37746e+05,2.61893e+03,2.64327e-18
41092476558.9,3.832,7.37843e+05,2.61864e+03,2.64253e-18
41095471504.4,3.832,7.37941e+05,2.61834e+03,2.64180e-18
41098466449.8,3.832,7.38039e+05,2.61804e+03,2.64106e-18
41101461395.3,3.833,7.38137e+05,2.61774e+03,2.64033e-18
41104456340.8,3.833,7.38235e+05,2.61745e+03,2.63959e-18
41107451286.2,3.833,7.38333e+05,2.61715e+03,2.63886e-18
41110446231.7,3.834,7.38430e+05,2.61685e+03,2.63812e-18
41113441177.1,3.834,7.38528e+05,2.61656e+03,2.63739e-18
41116436122.6,3.834,7.38626e+05,2.61626e+03,2.63666e-18
41119431068.1,3.834,7.38724e+05,2.61596e+03,2.63592e-18
41122426013.5,3.835,7.38822e+05,2.61566e+03,2.63519e-18
41125420959.0,3.835,7.38919e+05,2.61537e+03,2.63446e-18
41128415904.5,3.835,7.39017e+05,2.61507e+03,2.63373e-18
41131410849.9,3.836,7.39115e+05,2.61477e+03,2.63299e-18
41134405795.4,3.836,7.39213e+05,2.61448e+03,2.63226e-18
41137400740.8,3.836,7.39311e+05,2.61418e+03,2.63153e-18
41140395686.3,3.836,7.39408e+05,2.61389e+03,2.63080e-18
41143390631.8,3.837,7.39506e+05,2.61359e+03,2.63007e-18
41146385577.2,3.837,7.39604e+05,2.61329e+03,2.62934e-18
41149380522.7,3.837,7.39702e+05,2.61300e+03,2.62861e-18
41152375468.1,3.837,7.39799e+05,2.61270e+03,2.62788e-18
41155370413.6,3.838,7.39897e+05,2.61240e+03,2.62715e-18
41158365359.1,3.838,7.39995e+05,2.61211e+03,2.62642e-18
41161360304.5,3.838,7.40093e+05,2.61181e+03,2.62569e-18
41164355250.0,3.839,7.40190e+05,2.61152e+03,2.62496e-18
41167350195.5,3.839,7.40288e+05,2.61122e+03,2.62423e-18
41170345140.9,3.839,7.40386e+05,2.61093e+03,2.62351e-18
41173340086.4,3.839,7.40484e+05,2.61063e+03,2.62278e-18
41176335031.8,3.840,7.40581e+05,2.61033e+03,2.62205e-18
41179329977.3,3.840,7.40679e+05,2.61004e+03,2.62132e-18
41182324922.8,3.840,7.40777e+05,2.60974e+03,2.62060e-18
41185319868.2,3.841,7.40874e+05,2.60945e+03,2.61987e-18
41188314813.7,3.841,7.40972e+05,2.60915e+03,2.61914e-18
41191309759.2,3.841,7.41070e+05,2.60886e+03,2.61842e-18
41194304704.6,3.841,7.41168e+05,2.60856e+03,2.61769e-18
41197299650.1,3.842,7.41265e+05,2.60827e+03,2.61697e-18
41200294595.5,3.842,7.41363e+05,2.60797e+03,2.61624e-18
41203289541.0,3.842,7.41461e+05,2.60768e+03,2.61552e-18
41206284486.5,3.843,7.41558e+05,2.60738e+03,2.61479e-18
41209279431.9,3.843,7.41656e+05,2.60709e+03,2.61407e-18
41212274377.4,3.843,7.41754e+05,2.60680e+03,2.61334e-18
41215269322.9,3.843,7.41851e+05,2.60650e+03,2.61262e-18
41218264268.3,3.844,7.41949e+05,2.60621e+03,2.61190e-18
41221259213.8,3.844,7.42047e+05,2.60591e+03,2.61117e-18
41224254159.2,3.844,7.42144e+05,2.60562e+03,2.61045e-18
41227249104.7,3.844,7.42242e+05,2.60532e+03,2.60973e-18
41230244050.2,3.845,7.42339e+05,2.60503e+03,2.60900e-18
41233238995.6,3.845,7.42437e+05,2.60474e+03,2.60828e-18
41236233941.1,3.845,7.42535e+05,2.60444e+03,2.60756e-18
41239228886.5,3.846,7.42632e+05,2.60415e+03,2.60684e-18
