Mp (Mj), Rp (Rj), Mdots (g/s), Rsp (Rp), RXUV (Rp), cond
2.16382e+29,4.24146e+09,1.68e+10,0.36,3.97,1.25,0
1.14792e+30,1.08747e+10,3.98e+10,0.37,3.19,1.10,0
6.57190e+29,1.01093e+10,6.65e+10,0.36,2.84,1.19,0
1.17485e+30,1.11298e+10,4.18e+10,0.37,3.15,1.10,0
2.20878e+29,5.51709e+09,4.32e+10,0.35,3.44,1.36,0
2.05398e+29,6.53759e+09,9.56e+10,0.34,3.29,1.54,0
3.33647e+29,1.06196e+10,3.09e+11,0.30,2.85,1.59,0
3.72567e+29,7.30297e+09,5.02e+10,0.36,3.14,1.26,0
3.02590e+29,7.55809e+09,8.21e+10,0.35,3.08,1.38,0
3.75241e+29,5.77221e+09,2.18e+10,0.37,3.71,1.19,0
1.61148e+29,1.94533e+09,1.73e+09,0.37,7.52,1.14,0
4.20896e+29,2.45558e+09,1.76e+08,0.34,11.05,1.10,0
2.13414e+29,6.79272e+09,1.05e+11,0.34,3.25,1.54,0
3.69168e+29,1.69021e+09,1.33e+07,0.34,16.31,1.10,0
1.98515e+30,9.08884e+09,1.07e+09,0.34,5.22,1.10,0
5.41094e+29,8.32347e+09,4.44e+10,0.36,3.11,1.18,0
4.91338e+29,7.55809e+09,3.65e+10,0.36,3.25,1.18,0
3.89755e+29,1.24055e+10,5.42e+11,0.29,2.80,1.68,0
2.59810e+30,1.18952e+10,2.39e+09,0.34,4.35,1.10,0
4.55799e+29,1.13850e+10,1.81e+11,0.34,2.61,1.38,0
1.60159e+30,9.34397e+09,4.63e+09,0.34,4.54,1.10,0
9.05546e+29,8.57859e+09,2.38e+10,0.37,3.68,1.10,0
9.22554e+29,1.41914e+10,1.38e+11,0.36,2.45,1.20,0
1.66867e+30,1.24055e+10,2.53e+10,0.34,3.33,1.10,0
2.61668e+29,1.94533e+09,3.85e+08,0.34,10.79,1.10,0
1.47109e+30,1.39362e+10,6.85e+10,0.37,2.77,1.11,0
1.90351e+29,3.73121e+09,1.35e+10,0.36,4.20,1.26,0
1.17227e+29,3.73121e+09,3.19e+10,0.35,3.96,1.51,0
3.13444e+29,1.43508e+09,7.84e+06,0.34,18.25,1.10,0
1.41274e+29,4.49659e+09,4.60e+10,0.35,3.73,1.52,0
5.74264e+29,8.83372e+09,5.03e+10,0.36,3.02,1.18,0
7.40116e+29,1.13850e+10,8.69e+10,0.36,2.70,1.19,0
2.92376e+29,7.30297e+09,7.65e+10,0.35,3.12,1.37,0
7.71305e+28,3.98634e+09,2.85e+11,0.29,5.89,2.96,0
5.08355e+29,2.96583e+09,2.71e+08,0.34,9.75,1.10,0
8.51684e+29,8.06834e+09,2.09e+10,0.37,3.81,1.10,0
2.02249e+29,1.17996e+09,3.03e+07,0.34,18.04,1.10,0
2.03416e+29,2.45558e+09,2.77e+09,0.37,6.61,1.14,0
6.05438e+28,2.45558e+09,2.95e+10,0.34,4.88,1.84,0
8.57049e+28,3.47608e+09,5.60e+10,0.34,4.40,1.85,0
1.80594e+30,1.34260e+10,3.07e+10,0.34,3.17,1.10,0
1.60004e+30,1.18952e+10,2.28e+10,0.34,3.42,1.10,0
7.74039e+29,9.34397e+09,4.11e+10,0.37,3.16,1.14,0
2.29397e+29,4.49659e+09,1.89e+10,0.36,3.87,1.25,0
2.75730e+29,4.24146e+09,1.17e+10,0.37,4.33,1.18,0
2.47618e+30,1.44465e+10,1.58e+10,0.34,3.40,1.10,0
1.29737e+29,5.26196e+09,1.27e+11,0.32,3.78,1.88,0
6.09308e+29,5.77221e+09,1.02e+10,0.37,4.67,1.10,0
1.59508e+30,7.30297e+09,5.84e+08,0.34,6.06,1.10,0
4.63675e+29,9.08884e+09,7.53e+10,0.36,2.87,1.25,0
1.84026e+30,1.36811e+10,3.22e+10,0.34,3.13,1.10,0
5.74537e+28,1.43508e+09,3.36e+09,0.36,5.82,1.36,0
6.01964e+28,1.17996e+09,1.42e+09,0.34,7.14,1.25,0
3.66931e+29,3.47608e+09,3.64e+09,0.37,6.31,1.10,0
2.71948e+29,6.79272e+09,6.59e+10,0.35,3.20,1.37,0
1.82024e+30,1.06196e+10,6.58e+09,0.34,4.17,1.10,0
2.09659e+30,9.59910e+09,1.26e+09,0.34,5.03,1.10,0
1.70299e+30,1.26606e+10,2.66e+10,0.34,3.29,1.10,0
5.78367e+29,1.44465e+10,3.24e+11,0.32,2.35,1.39,0
1.39413e+30,1.03645e+10,1.63e+10,0.34,3.74,1.10,0
2.00450e+29,5.00684e+09,3.68e+10,0.35,3.58,1.37,0
1.18738e+29,2.96583e+09,1.37e+10,0.36,4.37,1.37,0
1.39166e+29,3.47608e+09,1.80e+10,0.35,4.10,1.35,0
3.30221e+29,3.98634e+09,7.14e+09,0.37,5.05,1.13,0
1.09212e+29,3.47608e+09,2.79e+10,0.35,4.05,1.51,0
8.78615e+29,8.32347e+09,2.23e+10,0.37,3.74,1.10,0
3.58656e+29,5.51709e+09,1.99e+10,0.37,3.80,1.19,0
4.50659e+29,8.83372e+09,7.10e+10,0.36,2.90,1.25,0
1.64320e+29,3.22096e+09,1.01e+10,0.36,4.49,1.26,0
5.17083e+29,1.29157e+10,2.47e+11,0.33,2.47,1.39,0
3.98598e+29,7.81322e+09,5.78e+10,0.36,3.06,1.26,0
2.11510e+29,8.57859e+09,6.12e+11,0.28,3.66,2.20,0
6.32875e+29,1.24055e+10,1.47e+11,0.35,2.54,1.27,0
2.45978e+29,1.43508e+09,5.08e+07,0.34,15.79,1.10,0
2.82162e+29,7.04784e+09,7.11e+10,0.35,3.16,1.37,0
2.86139e+29,2.71071e+09,2.16e+09,0.37,7.31,1.10,0
1.25243e+29,3.98634e+09,3.63e+10,0.35,3.88,1.52,0
2.29445e+29,7.30297e+09,1.19e+11,0.34,3.16,1.53,0
7.67067e+28,1.17996e+09,9.36e+08,0.35,8.32,1.18,0
6.84937e+29,1.34260e+10,1.75e+11,0.35,2.46,1.27,0
5.82377e+29,5.51709e+09,9.24e+09,0.37,4.80,1.10,0
1.04576e+29,4.24146e+09,8.13e+10,0.33,4.11,1.86,0
6.36239e+29,6.02734e+09,1.12e+10,0.37,4.55,1.10,0
5.41563e+29,6.53759e+09,1.96e+10,0.37,3.83,1.14,0
5.54783e+29,1.08747e+10,1.10e+11,0.35,2.67,1.26,0
9.82125e+29,4.49659e+09,1.66e+08,0.34,8.41,1.10,0
2.48666e+30,1.13850e+10,2.09e+09,0.34,4.48,1.10,0
1.79166e+28,1.17996e+09,1.87e+11,0.30,14.32,6.64,0
1.33922e+30,7.81322e+09,2.88e+09,0.34,5.12,1.10,0
7.21941e+28,3.73121e+09,2.26e+11,0.29,5.86,2.85,0
3.70718e+28,1.17996e+09,4.10e+09,0.32,5.87,1.53,0
6.73474e+29,5.00684e+09,3.00e+09,0.34,5.95,1.10,0
2.26376e+30,1.03645e+10,1.57e+09,0.34,4.78,1.10,0
1.09877e+29,1.69021e+09,1.91e+09,0.37,6.94,1.18,0
1.08528e+30,8.06834e+09,8.97e+09,0.34,4.38,1.10,0
4.80614e+29,2.20046e+09,2.70e+07,0.34,13.64,1.10,0
9.26402e+29,4.24146e+09,1.43e+08,0.34,8.75,1.10,0
7.95173e+29,9.59910e+09,4.34e+10,0.37,3.11,1.14,0
2.37460e+29,7.55809e+09,1.27e+11,0.34,3.11,1.53,0
1.09105e+30,1.31709e+10,8.23e+10,0.36,2.65,1.14,0
8.89384e+29,1.36811e+10,1.27e+11,0.36,2.49,1.20,0
6.91340e+28,2.20046e+09,1.31e+10,0.35,4.78,1.54,0
3.74087e+29,9.34397e+09,1.22e+11,0.34,2.85,1.37,0
4.25760e+28,2.20046e+09,6.91e+10,0.32,6.01,2.72,0
3.53828e+28,1.43508e+09,1.15e+10,0.35,5.67,1.85,0
1.92942e+30,8.83372e+09,9.89e+08,0.34,5.33,1.10,0
2.43093e+30,1.11298e+10,1.95e+09,0.34,4.55,1.10,0
1.80022e+29,4.49659e+09,2.97e+10,0.35,3.72,1.37,0
5.31029e+28,1.69021e+09,7.84e+09,0.35,5.19,1.53,0
3.49678e+29,1.11298e+10,3.51e+11,0.30,2.82,1.60,0
1.06713e+30,1.01093e+10,3.40e+10,0.37,3.33,1.10,0
6.71922e+29,1.31709e+10,1.67e+11,0.35,2.48,1.27,0
2.43245e+30,1.41914e+10,1.50e+10,0.34,3.44,1.10,0
1.78416e+29,1.69021e+09,8.10e+08,0.37,9.64,1.10,0
1.25274e+29,2.45558e+09,5.88e+09,0.36,5.08,1.25,0
4.64626e+29,2.71071e+09,2.21e+08,0.34,10.35,1.10,0
2.68443e+29,5.26196e+09,2.59e+10,0.36,3.61,1.25,0
2.12635e+30,1.24055e+10,1.02e+10,0.34,3.76,1.10,0
1.10976e+30,2.45558e+09,6.36e+02,0.34,16.99,1.10,0
9.92427e+28,1.94533e+09,3.84e+09,0.36,5.66,1.26,0
6.68341e+28,2.71071e+09,3.58e+10,0.34,4.76,1.85,0
8.23043e+29,1.26606e+10,1.08e+11,0.36,2.57,1.19,0
6.83273e+29,3.98634e+09,5.42e+08,0.34,8.01,1.10,0
3.76397e+28,1.94533e+09,5.29e+10,0.32,6.25,2.65,0
6.58906e+29,1.29157e+10,1.61e+11,0.35,2.50,1.27,0
8.58191e+29,5.00684e+09,9.37e+08,0.34,6.88,1.10,0
1.64532e+30,9.59910e+09,4.99e+09,0.34,4.46,1.10,0
3.09961e+30,1.41914e+10,4.21e+09,0.34,3.86,1.10,0
1.09357e+30,5.00684e+09,2.18e+08,0.34,7.82,1.10,0
3.46536e+29,6.79272e+09,4.40e+10,0.36,3.25,1.26,0
4.13802e+29,1.31709e+10,6.76e+11,0.29,2.75,1.72,0
5.01585e+29,4.75171e+09,6.74e+09,0.37,5.25,1.10,0
6.47785e+29,2.96583e+09,5.82e+07,0.34,11.14,1.10,0
1.49709e+30,1.11298e+10,1.94e+10,0.34,3.57,1.10,0
2.87953e+29,3.47608e+09,5.42e+09,0.37,5.46,1.13,0
3.42071e+29,5.26196e+09,1.81e+10,0.37,3.89,1.19,0
5.15737e+29,1.01093e+10,9.42e+10,0.36,2.75,1.26,0
9.13694e+29,6.79272e+09,6.00e+09,0.34,4.89,1.10,0
8.79709e+29,1.06196e+10,5.20e+10,0.37,2.96,1.13,0
2.98817e+30,1.36811e+10,3.74e+09,0.34,3.96,1.10,0
7.78817e+28,1.94533e+09,5.90e+09,0.36,5.14,1.35,0
4.25157e+29,1.06196e+10,1.42e+11,0.35,2.64,1.36,0
4.14943e+29,1.03645e+10,1.58e+11,0.34,2.74,1.39,0
4.20793e+29,3.98634e+09,4.85e+09,0.37,5.81,1.11,0
1.42791e+30,6.53759e+09,4.34e+08,0.34,6.53,1.10,0
5.55446e+29,5.26196e+09,8.35e+09,0.37,4.94,1.10,0
2.77538e+29,8.83372e+09,1.85e+11,0.33,2.93,1.57,0
5.28752e+29,1.03645e+10,9.94e+10,0.36,2.72,1.26,0
1.33644e+30,1.26606e+10,5.54e+10,0.37,2.92,1.11,0
1.01327e+30,9.59910e+09,3.03e+10,0.37,3.44,1.10,0
1.13332e+30,1.36811e+10,8.93e+10,0.36,2.60,1.14,0
2.34499e+30,1.36811e+10,1.35e+10,0.34,3.52,1.10,0
2.21429e+29,7.04784e+09,1.14e+11,0.34,3.21,1.55,0
9.31806e+28,2.96583e+09,2.11e+10,0.35,4.27,1.52,0
1.04020e+30,9.85422e+09,3.21e+10,0.37,3.38,1.10,0
8.06457e+29,1.24055e+10,1.03e+11,0.36,2.59,1.19,0
6.45891e+29,1.26606e+10,1.54e+11,0.35,2.52,1.27,0
6.39157e+29,4.75171e+09,2.67e+09,0.34,6.15,1.10,0
1.59633e+29,2.45558e+09,4.05e+09,0.37,5.73,1.19,0
1.86397e+30,1.08747e+10,7.02e+09,0.34,4.10,1.10,0
1.18880e+29,1.43508e+09,9.35e+08,0.37,8.87,1.13,0
4.96655e+29,1.24055e+10,2.23e+11,0.33,2.52,1.39,0
9.83097e+28,2.45558e+09,9.32e+09,0.36,4.69,1.36,0
7.23531e+29,1.11298e+10,8.25e+10,0.36,2.72,1.19,0
6.11184e+28,1.94533e+09,1.03e+10,0.35,4.97,1.53,0
9.82329e+29,7.30297e+09,7.10e+09,0.34,4.67,1.10,0
1.41723e+30,1.34260e+10,6.31e+10,0.37,2.83,1.11,0
2.03366e+29,3.98634e+09,1.54e+10,0.36,4.08,1.26,0
4.58167e+29,7.04784e+09,3.16e+10,0.37,3.37,1.18,0
4.33254e+29,3.22096e+09,1.13e+09,0.34,7.87,1.10,0
7.71495e+28,2.45558e+09,1.47e+10,0.35,4.54,1.51,0
5.37511e+29,1.34260e+10,2.74e+11,0.33,2.43,1.40,0
2.30126e+30,1.34260e+10,1.28e+10,0.34,3.57,1.10,0
8.62273e+28,1.69021e+09,2.90e+09,0.36,6.04,1.26,0
7.32118e+28,1.43508e+09,2.09e+09,0.36,6.52,1.25,0
1.22871e+30,1.16401e+10,4.61e+10,0.37,3.07,1.10,0
4.76227e+29,1.18952e+10,2.01e+11,0.34,2.56,1.38,0
5.62697e+29,6.79272e+09,2.12e+10,0.37,3.75,1.14,0
2.57721e+29,1.17996e+09,4.69e+06,0.34,20.84,1.10,0
4.50874e+28,1.43508e+09,5.93e+09,0.35,5.50,1.54,0
1.76218e+29,2.71071e+09,4.75e+09,0.37,5.45,1.18,0
2.45685e+29,2.96583e+09,4.05e+09,0.37,5.95,1.14,0
1.49380e+29,3.73121e+09,2.04e+10,0.36,3.98,1.36,0
3.84301e+29,9.59910e+09,1.33e+11,0.35,2.82,1.38,0
1.95143e+30,1.13850e+10,7.98e+09,0.34,3.98,1.10,0
1.86349e+29,7.55809e+09,3.44e+11,0.29,3.67,2.01,0
9.85380e+29,1.18952e+10,6.62e+10,0.36,2.79,1.13,0
3.97771e+29,1.26606e+10,6.00e+11,0.29,2.79,1.70,0
2.41306e+29,6.02734e+09,5.16e+10,0.35,3.34,1.36,0
1.90236e+29,4.75171e+09,3.32e+10,0.35,3.65,1.37,0
1.42317e+29,5.77221e+09,1.65e+11,0.30,3.82,1.90,0
1.20502e+30,5.51709e+09,2.79e+08,0.34,7.33,1.10,0
4.66013e+29,1.16401e+10,1.88e+11,0.34,2.58,1.37,0
9.48011e+29,7.04784e+09,6.54e+09,0.34,4.78,1.10,0
1.48608e+29,6.02734e+09,1.86e+11,0.30,3.80,1.92,0
9.21978e+29,1.11298e+10,5.74e+10,0.37,2.89,1.13,0
7.17031e+29,6.79272e+09,1.44e+10,0.37,4.23,1.10,0
1.15445e+30,1.39362e+10,9.29e+10,0.36,2.57,1.14,0
7.73287e+29,1.18952e+10,9.57e+10,0.36,2.65,1.20,0
2.55428e+29,5.00684e+09,2.34e+10,0.36,3.69,1.25,0
3.20505e+29,6.28246e+09,3.74e+10,0.36,3.35,1.26,0
2.61507e+29,8.32347e+09,1.60e+11,0.33,3.00,1.55,0
3.08900e+29,4.75171e+09,1.47e+10,0.37,4.09,1.19,0
3.64620e+29,2.71071e+09,7.81e+08,0.34,8.77,1.10,0
4.04729e+29,1.01093e+10,1.49e+11,0.34,2.77,1.38,0
7.06946e+29,1.08747e+10,7.86e+10,0.36,2.75,1.19,0
8.16307e+29,9.85422e+09,4.59e+10,0.37,3.07,1.14,0
6.40605e+29,9.85422e+09,6.31e+10,0.36,2.87,1.19,0
1.10866e+29,4.49659e+09,9.23e+10,0.33,4.03,1.87,0
1.19672e+30,1.44465e+10,1.00e+11,0.36,2.53,1.14,0
3.27033e+28,1.69021e+09,4.28e+10,0.32,6.59,2.69,0
1.76225e+30,8.06834e+09,7.67e+08,0.34,5.66,1.10,0
2.94474e+29,5.77221e+09,3.15e+10,0.36,3.48,1.26,0
1.25176e+30,7.30297e+09,2.41e+09,0.34,5.35,1.10,0
7.97823e+29,7.55809e+09,1.81e+10,0.37,3.97,1.10,0
1.73336e+29,5.51709e+09,6.71e+10,0.35,3.48,1.52,0
7.89872e+29,1.21504e+10,9.85e+10,0.36,2.62,1.19,0
5.41767e+29,1.06196e+10,1.05e+11,0.36,2.70,1.26,0
5.57939e+29,1.39362e+10,2.94e+11,0.33,2.39,1.39,0
1.11219e+30,1.34260e+10,8.57e+10,0.36,2.62,1.14,0
2.28306e+28,1.17996e+09,2.25e+10,0.29,7.30,2.68,0
1.77651e+30,1.03645e+10,6.15e+09,0.34,4.24,1.10,0
4.75124e+28,2.45558e+09,8.28e+10,0.31,5.74,2.68,0
2.54238e+30,1.16401e+10,2.24e+09,0.34,4.42,1.10,0
3.41662e+29,1.08747e+10,3.29e+11,0.30,2.83,1.60,0
4.08412e+29,6.28246e+09,2.50e+10,0.37,3.56,1.18,0
6.24020e+29,9.59910e+09,5.97e+10,0.36,2.91,1.19,0
1.06992e+30,1.29157e+10,7.89e+10,0.36,2.67,1.13,0
8.51650e+28,2.71071e+09,1.77e+10,0.35,4.40,1.51,0
3.59551e+29,7.04784e+09,4.72e+10,0.36,3.20,1.26,0
1.31647e+30,6.02734e+09,3.51e+08,0.34,6.90,1.10,0
2.92315e+29,4.49659e+09,1.32e+10,0.37,4.21,1.19,0
5.36338e+29,2.45558e+09,3.60e+07,0.34,12.66,1.10,0
1.03785e+30,4.75171e+09,1.91e+08,0.34,8.11,1.10,0
1.63435e+30,1.21504e+10,2.40e+10,0.34,3.37,1.10,0
6.90100e+29,6.53759e+09,1.33e+10,0.37,4.33,1.10,0
3.98937e+29,2.96583e+09,9.47e+08,0.34,8.29,1.10,0
1.92803e+29,2.96583e+09,5.71e+09,0.37,5.21,1.18,0
2.82100e+30,1.29157e+10,3.10e+09,0.34,4.11,1.10,0
1.58717e+29,1.17996e+09,1.45e+08,0.34,14.59,1.10,0
8.39628e+29,1.29157e+10,1.12e+11,0.36,2.55,1.20,0
2.93244e+30,1.34260e+10,3.52e+09,0.34,4.01,1.10,0
1.87370e+30,8.57859e+09,9.10e+08,0.34,5.43,1.10,0
3.13070e+29,2.96583e+09,2.61e+09,0.37,6.93,1.10,0
1.11960e+30,8.32347e+09,9.65e+09,0.34,4.30,1.10,0
1.70653e+30,7.81322e+09,7.02e+08,0.34,5.79,1.10,0
1.47040e+30,8.57859e+09,3.68e+09,0.34,4.81,1.10,0
7.10968e+29,1.39362e+10,1.91e+11,0.35,2.42,1.27,0
5.57679e+29,8.57859e+09,4.73e+10,0.36,3.06,1.18,0
9.05969e+29,1.39362e+10,1.32e+11,0.36,2.47,1.20,0
2.81459e+29,5.51709e+09,2.84e+10,0.36,3.54,1.25,0
1.81798e+30,8.32347e+09,8.36e+08,0.34,5.55,1.10,0
3.77167e+29,2.20046e+09,1.37e+08,0.34,11.89,1.10,0
8.80957e+28,2.20046e+09,7.51e+09,0.36,4.89,1.36,0
1.51485e+29,1.43508e+09,5.75e+08,0.37,10.59,1.10,0
5.06869e+29,1.26606e+10,2.33e+11,0.33,2.49,1.39,0
2.24550e+29,2.71071e+09,3.38e+09,0.37,6.26,1.14,0
2.09389e+29,3.22096e+09,6.73e+09,0.37,4.99,1.18,0
1.54898e+29,6.28246e+09,2.08e+11,0.30,3.79,1.94,0
3.53659e+29,8.83372e+09,1.11e+11,0.35,2.90,1.37,0
5.24508e+29,8.06834e+09,4.17e+10,0.36,3.15,1.18,0
2.61734e+29,6.53759e+09,6.08e+10,0.35,3.24,1.37,0
2.31949e+30,1.06196e+10,1.69e+09,0.34,4.70,1.10,0
6.97953e+29,1.36811e+10,1.82e+11,0.35,2.44,1.27,0
2.76527e+30,1.26606e+10,2.91e+09,0.34,4.17,1.10,0
5.01888e+29,3.73121e+09,1.56e+09,0.34,7.17,1.10,0
1.12057e+30,6.53759e+09,1.82e+09,0.34,5.76,1.10,0
1.30951e+30,1.24055e+10,5.30e+10,0.37,2.96,1.11,0
1.12099e+30,1.06196e+10,3.78e+10,0.37,3.24,1.10,0
1.48364e+30,6.79272e+09,4.81e+08,0.34,6.37,1.10,0
3.81740e+29,1.21504e+10,4.96e+11,0.29,2.81,1.66,0
2.21381e+30,1.29157e+10,1.14e+10,0.34,3.66,1.10,0
3.12803e+29,7.81322e+09,8.82e+10,0.35,3.05,1.38,0
9.43112e+29,1.13850e+10,6.03e+10,0.37,2.85,1.13,0
2.15232e+30,9.85422e+09,1.36e+09,0.34,4.95,1.10,0
8.70678e+29,3.98634e+09,1.22e+08,0.34,9.13,1.10,0
8.24754e+29,7.81322e+09,1.95e+10,0.37,3.89,1.10,0
1.90770e+30,1.11298e+10,7.49e+09,0.34,4.04,1.10,0
1.14930e+30,5.26196e+09,2.47e+08,0.34,7.57,1.10,0
1.22255e+30,9.08884e+09,1.19e+10,0.34,4.06,1.10,0
1.03311e+30,6.02734e+09,1.48e+09,0.34,6.08,1.10,0
4.16730e+28,1.69021e+09,1.50e+10,0.34,5.39,1.83,0
5.24487e+28,2.71071e+09,1.05e+11,0.29,6.04,2.69,0
1.29118e+30,9.59910e+09,1.35e+10,0.34,3.92,1.10,0
3.09600e+29,9.85422e+09,2.61e+11,0.30,2.91,1.59,0
5.47725e+29,1.36811e+10,2.87e+11,0.33,2.41,1.40,0
8.20668e+28,4.24146e+09,3.65e+11,0.28,5.94,3.07,0
8.14955e+29,3.73121e+09,1.04e+08,0.34,9.54,1.10,0
1.68905e+30,9.85422e+09,5.35e+09,0.34,4.38,1.10,0
1.07684e+30,6.28246e+09,1.64e+09,0.34,5.92,1.10,0
3.17615e+29,1.01093e+10,2.78e+11,0.30,2.89,1.60,0
4.41582e+29,6.79272e+09,2.93e+10,0.37,3.43,1.18,0
1.17559e+30,1.41914e+10,9.67e+10,0.36,2.55,1.14,0
7.70892e+29,7.30297e+09,1.68e+10,0.37,4.05,1.10,0
2.31092e+29,5.77221e+09,4.72e+10,0.35,3.39,1.36,0
1.98930e+29,8.06834e+09,4.56e+11,0.29,3.68,2.09,0
1.17156e+29,4.75171e+09,1.04e+11,0.32,3.95,1.89,0
8.56213e+29,1.31709e+10,1.17e+11,0.36,2.53,1.20,0
2.66819e+29,3.22096e+09,4.79e+09,0.37,5.68,1.14,0
1.57305e+29,5.00684e+09,5.54e+10,0.35,3.59,1.51,0
7.23984e+29,1.41914e+10,1.99e+11,0.35,2.41,1.28,0
1.73731e+30,1.29157e+10,2.79e+10,0.34,3.25,1.10,0
2.04087e+30,9.34397e+09,1.16e+09,0.34,5.13,1.10,0
6.89928e+29,1.94533e+09,1.51e+04,0.34,18.28,1.10,0
3.04389e+30,1.39362e+10,3.97e+09,0.34,3.91,1.10,0
1.44416e+30,1.36811e+10,6.58e+10,0.37,2.80,1.11,0
2.53491e+29,8.06834e+09,1.48e+11,0.33,3.04,1.55,0
2.38872e+30,1.39362e+10,1.42e+10,0.34,3.48,1.10,0
1.53140e+30,1.13850e+10,2.05e+10,0.34,3.52,1.10,0
9.89380e+29,5.77221e+09,1.33e+09,0.34,6.26,1.10,0
2.51520e+29,6.28246e+09,5.61e+10,0.35,3.29,1.37,0
7.36999e+29,1.44465e+10,1.96e+11,0.35,2.37,1.27,0
1.73769e+29,7.04784e+09,2.76e+11,0.29,3.70,1.96,0
7.42109e+29,5.51709e+09,3.73e+09,0.34,5.59,1.10,0
1.18823e+30,8.83372e+09,1.11e+10,0.34,4.14,1.10,0
2.32278e+29,2.20046e+09,1.40e+09,0.37,8.27,1.10,0
2.25974e+29,3.47608e+09,7.85e+09,0.36,4.80,1.18,0
1.26462e+29,1.94533e+09,2.54e+09,0.37,6.46,1.19,0
7.03508e+29,3.22096e+09,7.17e+07,0.34,10.54,1.10,0
2.89708e+29,1.69021e+09,7.44e+07,0.34,14.16,1.10,0
3.72490e+29,4.49659e+09,9.12e+09,0.37,4.72,1.13,0
1.26074e+30,5.77221e+09,3.13e+08,0.34,7.11,1.10,0
3.93624e+29,4.75171e+09,1.02e+10,0.37,4.58,1.13,0
2.03889e+30,1.18952e+10,9.03e+09,0.34,3.87,1.10,0
6.76677e+28,1.69021e+09,4.64e+09,0.36,5.45,1.37,0
1.05096e+30,7.81322e+09,8.32e+09,0.34,4.48,1.10,0
1.77162e+30,1.31709e+10,2.93e+10,0.34,3.21,1.10,0
4.14758e+29,5.00684e+09,1.14e+10,0.37,4.45,1.13,0
7.59231e+29,3.47608e+09,8.68e+07,0.34,10.01,1.10,0
1.77335e+29,3.47608e+09,1.17e+10,0.36,4.34,1.26,0
3.51355e+29,4.24146e+09,8.10e+09,0.37,4.88,1.13,0
7.94146e+28,3.22096e+09,4.79e+10,0.34,4.50,1.84,0
1.53936e+30,7.04784e+09,5.30e+08,0.34,6.21,1.10,0
6.47234e+29,7.81322e+09,2.83e+10,0.37,3.48,1.14,0
5.02721e+29,9.85422e+09,8.92e+10,0.36,2.78,1.26,0
6.07434e+29,9.34397e+09,5.65e+10,0.36,2.94,1.19,0
6.73775e+29,1.03645e+10,7.10e+10,0.36,2.81,1.19,0
5.68153e+29,1.41914e+10,3.02e+11,0.33,2.37,1.39,0
5.07923e+29,7.81322e+09,3.90e+10,0.36,3.20,1.18,0
4.47723e+29,4.24146e+09,5.52e+09,0.37,5.60,1.11,0
7.52904e+29,9.08884e+09,3.88e+10,0.37,3.20,1.14,0
1.20178e+30,1.13850e+10,4.40e+10,0.37,3.11,1.10,0
2.45476e+29,7.81322e+09,1.36e+11,0.33,3.07,1.54,0
7.27003e+29,4.24146e+09,6.28e+08,0.34,7.69,1.10,0
9.19952e+28,3.73121e+09,6.49e+10,0.33,4.31,1.87,0
7.07791e+29,5.26196e+09,3.35e+09,0.34,5.76,1.10,0
3.25485e+29,5.00684e+09,1.63e+10,0.37,3.98,1.19,0
4.24997e+29,6.53759e+09,2.71e+10,0.37,3.49,1.18,0
2.25754e+30,1.31709e+10,1.21e+10,0.34,3.61,1.10,0
5.92061e+29,2.71071e+09,4.63e+07,0.34,11.84,1.10,0
8.10743e+29,6.02734e+09,4.56e+09,0.34,5.28,1.10,0
1.36027e+29,5.51709e+09,1.42e+11,0.32,3.71,1.89,0
1.29549e+30,7.55809e+09,2.64e+09,0.34,5.23,1.10,0
1.82282e+29,2.20046e+09,2.22e+09,0.37,7.03,1.14,0
1.52495e+30,1.44465e+10,7.41e+10,0.37,2.71,1.11,0
9.32920e+28,1.43508e+09,1.38e+09,0.35,7.53,1.18,0
3.25631e+29,1.03645e+10,3.04e+11,0.30,2.89,1.61,0
1.02765e+30,1.24055e+10,7.24e+10,0.36,2.73,1.13,0
5.28516e+29,5.00684e+09,7.53e+09,0.37,5.09,1.10,0
6.39544e+29,3.73121e+09,4.64e+08,0.34,8.37,1.10,0
1.12258e+29,2.20046e+09,4.73e+09,0.36,5.35,1.25,0
2.87672e+30,1.31709e+10,3.31e+09,0.34,4.06,1.10,0
5.83831e+29,7.04784e+09,2.29e+10,0.37,3.68,1.14,0
1.09406e+30,1.03645e+10,3.58e+10,0.37,3.29,1.10,0
1.99516e+30,1.16401e+10,8.50e+09,0.34,3.92,1.10,0
1.38289e+29,2.71071e+09,7.16e+09,0.36,4.86,1.25,0
2.90925e+28,1.17996e+09,8.02e+09,0.30,5.97,1.84,0
8.37441e+29,1.01093e+10,4.69e+10,0.37,3.03,1.13,0
3.33231e+29,8.32347e+09,1.01e+11,0.35,2.98,1.38,0
2.85553e+29,9.08884e+09,1.99e+11,0.32,2.90,1.57,0
2.93569e+29,9.34397e+09,2.15e+11,0.32,2.86,1.58,0
7.43961e+29,7.04784e+09,1.56e+10,0.37,4.14,1.10,0
1.65081e+30,7.55809e+09,6.41e+08,0.34,5.92,1.10,0
5.20429e+29,6.28246e+09,1.81e+10,0.37,3.92,1.14,0
2.70955e+30,1.24055e+10,2.73e+09,0.34,4.23,1.10,0
6.63169e+29,6.28246e+09,1.22e+10,0.37,4.43,1.10,0
2.17008e+30,1.26606e+10,1.08e+10,0.34,3.71,1.10,0
9.64246e+29,1.16401e+10,6.32e+10,0.37,2.82,1.13,0
8.14462e+29,4.75171e+09,8.25e+08,0.34,7.13,1.10,0
4.79633e+28,1.94533e+09,1.96e+10,0.34,5.22,1.85,0
1.90889e+30,1.41914e+10,3.53e+10,0.34,3.06,1.10,0
4.67571e+29,3.47608e+09,1.34e+09,0.34,7.50,1.10,0
1.94321e+30,1.44465e+10,3.69e+10,0.34,3.02,1.10,0
5.90849e+29,9.08884e+09,5.33e+10,0.36,2.98,1.18,0
3.65709e+29,1.16401e+10,4.16e+11,0.29,2.81,1.63,0
3.73724e+29,1.18952e+10,4.56e+11,0.29,2.81,1.65,0
1.25687e+30,9.34397e+09,1.27e+10,0.34,3.99,1.10,0
1.67478e+29,6.79272e+09,2.62e+11,0.29,3.76,1.99,0
4.70421e+29,1.69021e+09,4.09e+05,0.34,18.34,1.10,0
1.51304e+29,2.96583e+09,8.56e+09,0.36,4.66,1.25,0
7.31244e+28,2.96583e+09,4.10e+10,0.34,4.61,1.83,0
1.87457e+30,1.39362e+10,3.37e+10,0.34,3.09,1.10,0
4.24891e+29,1.94533e+09,1.95e+07,0.34,14.83,1.10,0
6.19860e+29,1.21504e+10,1.41e+11,0.35,2.56,1.27,0
1.04878e+30,1.26606e+10,7.56e+10,0.36,2.70,1.13,0
2.27351e+29,1.69021e+09,2.86e+08,0.34,11.77,1.10,0
1.40014e+29,1.69021e+09,1.30e+09,0.37,8.12,1.13,0
3.57693e+29,1.13850e+10,3.87e+11,0.29,2.82,1.62,0
6.72578e+28,3.47608e+09,1.99e+11,0.29,5.98,2.86,0
7.76426e+29,5.77221e+09,4.13e+09,0.34,5.43,1.10,0
2.37521e+30,1.08747e+10,1.82e+09,0.34,4.62,1.10,0
7.31770e+29,8.83372e+09,3.66e+10,0.37,3.25,1.14,0
9.82854e+28,3.98634e+09,7.18e+10,0.33,4.20,1.85,0
1.08524e+29,2.71071e+09,1.15e+10,0.36,4.52,1.36,0
1.49289e+29,4.75171e+09,5.13e+10,0.35,3.67,1.53,0
1.46277e+30,1.08747e+10,1.83e+10,0.34,3.62,1.10,0
7.70732e+29,4.49659e+09,7.22e+08,0.34,7.39,1.10,0
3.91826e+29,6.02734e+09,2.38e+10,0.37,3.63,1.19,0
2.42412e+29,4.75171e+09,2.11e+10,0.36,3.77,1.25,0
5.95814e+29,3.47608e+09,3.93e+08,0.34,8.77,1.10,0
3.07490e+29,6.02734e+09,3.44e+10,0.36,3.41,1.26,0
3.43445e+29,8.57859e+09,1.04e+11,0.35,2.93,1.37,0
4.57026e+29,5.51709e+09,1.39e+10,0.37,4.21,1.14,0
1.61188e+29,6.53759e+09,2.33e+11,0.29,3.77,1.96,0
6.26099e+29,7.55809e+09,2.65e+10,0.37,3.54,1.14,0
2.77670e+28,1.43508e+09,3.05e+10,0.33,6.82,2.63,0
9.59407e+29,9.08884e+09,2.70e+10,0.37,3.55,1.10,0
1.32550e+30,9.85422e+09,1.44e+10,0.34,3.86,1.10,0
4.74753e+29,7.30297e+09,3.40e+10,0.36,3.31,1.18,0
2.10664e+29,5.26196e+09,3.93e+10,0.35,3.50,1.36,0
4.45585e+29,1.11298e+10,1.66e+11,0.34,2.62,1.37,0
2.95985e+29,2.20046e+09,5.00e+08,0.34,9.99,1.10,0
1.39030e+30,1.31709e+10,6.05e+10,0.37,2.86,1.11,0
2.20804e+30,1.01093e+10,1.46e+09,0.34,4.86,1.10,0
1.49802e+30,1.41914e+10,7.13e+10,0.37,2.74,1.11,0
6.68368e+29,8.06834e+09,3.03e+10,0.37,3.42,1.14,0
6.89502e+29,8.32347e+09,3.23e+10,0.37,3.36,1.14,0
9.32477e+29,8.83372e+09,2.54e+10,0.37,3.61,1.10,0
9.45650e+29,5.51709e+09,1.19e+09,0.34,6.45,1.10,0
1.89367e+29,6.02734e+09,8.09e+10,0.34,3.38,1.53,0
3.01584e+29,9.59910e+09,2.42e+11,0.30,2.92,1.58,0
5.70523e+29,4.24146e+09,2.07e+09,0.34,6.61,1.10,0
1.28258e+30,1.21504e+10,5.07e+10,0.37,2.99,1.11,0
3.33521e+29,6.53759e+09,4.05e+10,0.36,3.30,1.26,0
5.27297e+29,1.31709e+10,2.59e+11,0.33,2.45,1.40,0
3.15534e+30,1.44465e+10,4.47e+09,0.34,3.81,1.10,0
1.73278e+30,1.01093e+10,5.74e+09,0.34,4.31,1.10,0
7.10636e+29,8.57859e+09,3.44e+10,0.37,3.30,1.14,0
3.09087e+29,3.73121e+09,6.24e+09,0.37,5.25,1.13,0
1.56572e+30,1.16401e+10,2.16e+10,0.34,3.47,1.10,0
1.33258e+29,4.24146e+09,4.12e+10,0.35,3.81,1.52,0
1.55786e+30,9.08884e+09,4.30e+09,0.34,4.63,1.10,0
1.00651e+30,1.21504e+10,6.92e+10,0.36,2.76,1.13,0
5.36206e+29,3.98634e+09,1.81e+09,0.34,6.87,1.10,0
4.99295e+29,6.02734e+09,1.66e+10,0.37,4.01,1.14,0
1.16430e+30,6.79272e+09,2.00e+09,0.34,5.62,1.10,0
3.94515e+29,9.85422e+09,1.41e+11,0.34,2.79,1.38,0
6.90361e+29,1.06196e+10,7.47e+10,0.36,2.78,1.19,0
6.04840e+29,4.49659e+09,2.36e+09,0.34,6.37,1.10,0
1.28952e+29,3.22096e+09,1.55e+10,0.35,4.22,1.35,0
1.65320e+29,5.26196e+09,6.07e+10,0.35,3.53,1.51,0
1.35982e+30,1.01093e+10,1.53e+10,0.34,3.80,1.10,0
4.72397e+28,1.17996e+09,2.30e+09,0.33,6.30,1.36,0
1.24555e+29,1.17996e+09,3.88e+08,0.36,11.82,1.10,0
3.40000e+29,3.22096e+09,3.10e+09,0.37,6.60,1.10,0
5.73851e+28,2.96583e+09,1.28e+11,0.29,5.98,2.71,0
4.05786e+29,1.29157e+10,6.58e+11,0.29,2.80,1.72,0
9.39139e+29,1.44465e+10,1.38e+11,0.36,2.43,1.18,0
2.08262e+30,1.21504e+10,9.59e+09,0.34,3.81,1.10,0
4.11613e+29,8.06834e+09,5.97e+10,0.36,3.01,1.25,0
5.67798e+29,1.11298e+10,1.16e+11,0.35,2.65,1.26,0
1.38295e+30,8.06834e+09,3.13e+09,0.34,5.01,1.10,0
2.42559e+29,3.73121e+09,9.05e+09,0.36,4.63,1.18,0
1.23447e+29,5.00684e+09,1.18e+11,0.32,3.87,1.90,0
1.01196e+29,3.22096e+09,2.48e+10,0.35,4.16,1.52,0
3.23017e+29,8.06834e+09,9.42e+10,0.35,3.01,1.38,0
3.30303e+29,2.45558e+09,6.32e+08,0.34,9.33,1.10,0
1.43048e+29,2.20046e+09,3.25e+09,0.37,6.06,1.19,0
8.58575e+29,1.03645e+10,4.94e+10,0.37,2.99,1.13,0
1.81351e+29,5.77221e+09,7.38e+10,0.34,3.43,1.52,0
3.93862e+29,3.73121e+09,4.22e+09,0.37,6.05,1.11,0
1.42845e+30,1.06196e+10,1.73e+10,0.34,3.68,1.10,0
1.51413e+30,8.83372e+09,3.98e+09,0.34,4.71,1.10,0
1.20803e+30,7.04784e+09,2.20e+09,0.34,5.48,1.10,0
6.06845e+29,1.18952e+10,1.34e+11,0.35,2.58,1.26,0
2.59144e+29,3.98634e+09,1.03e+10,0.37,4.47,1.18,0
1.25565e+30,1.18952e+10,4.84e+10,0.37,3.03,1.10,0
2.59208e+29,2.45558e+09,1.76e+09,0.37,7.75,1.10,0
1.69808e+29,4.24146e+09,2.65e+10,0.35,3.80,1.36,0
9.00844e+29,1.08747e+10,5.47e+10,0.37,2.92,1.13,0
4.37644e+29,8.57859e+09,6.70e+10,0.36,2.94,1.25,0
8.45060e+29,6.28246e+09,5.02e+09,0.34,5.14,1.10,0
4.78160e+29,5.77221e+09,1.52e+10,0.37,4.11,1.14,0
2.65383e+30,1.21504e+10,2.56e+09,0.34,4.29,1.10,0
1.93034e+29,1.43508e+09,2.02e+08,0.34,13.02,1.10,0
4.76690e+29,9.34397e+09,7.98e+10,0.36,2.84,1.25,0
5.93829e+29,1.16401e+10,1.27e+11,0.35,2.60,1.26,0
1.36337e+30,1.29157e+10,5.79e+10,0.37,2.89,1.11,0
5.80814e+29,1.13850e+10,1.22e+11,0.35,2.62,1.26,0
4.86441e+29,1.21504e+10,2.10e+11,0.34,2.54,1.38,0
1.59594e+29,3.98634e+09,2.34e+10,0.35,3.89,1.36,0
8.79377e+29,6.53759e+09,5.50e+09,0.34,5.02,1.10,0
5.42536e+28,2.20046e+09,2.39e+10,0.34,5.02,1.83,0
4.35892e+29,5.26196e+09,1.26e+10,0.37,4.32,1.13,0
9.77455e+28,1.17996e+09,6.36e+08,0.36,9.84,1.13,0
1.01665e+30,7.55809e+09,7.69e+09,0.34,4.57,1.10,0
4.21817e+29,1.34260e+10,7.47e+11,0.28,2.74,1.74,0
1.15391e+30,8.57859e+09,1.04e+10,0.34,4.22,1.10,0
9.86338e+29,9.34397e+09,2.86e+10,0.37,3.49,1.10,0
4.89706e+29,9.59910e+09,8.45e+10,0.36,2.81,1.25,0
4.35371e+29,1.08747e+10,1.66e+11,0.34,2.66,1.37,0
5.52085e+29,3.22096e+09,3.29e+08,0.34,9.23,1.10,0
1.97382e+29,6.28246e+09,8.77e+10,0.34,3.33,1.53,0
7.56702e+29,1.16401e+10,9.07e+10,0.36,2.67,1.19,0
2.17904e+28,1.43508e+09,2.84e+11,0.29,15.65,7.01,0
3.33437e+29,1.94533e+09,1.03e+08,0.34,12.90,1.10,0
6.23214e+28,3.22096e+09,1.60e+11,0.29,5.98,2.78,0
9.01921e+29,5.26196e+09,1.06e+09,0.34,6.66,1.10,0
2.69522e+29,8.57859e+09,1.72e+11,0.33,2.97,1.56,0
1.42667e+30,8.32347e+09,3.40e+09,0.34,4.90,1.10,0
8.72798e+29,1.34260e+10,1.22e+11,0.36,2.51,1.20,0
3.85582e+29,7.55809e+09,5.40e+10,0.36,3.10,1.26,0
3.63873e+29,9.08884e+09,1.18e+11,0.35,2.88,1.37,0
6.04965e+29,7.30297e+09,2.47e+10,0.37,3.61,1.14,0
4.24629e+29,8.32347e+09,6.37e+10,0.36,2.98,1.25,0
4.74654e+29,4.49659e+09,6.24e+09,0.37,5.41,1.11,0
1.37219e+30,6.28246e+09,3.91e+08,0.34,6.71,1.10,0
2.05347e+29,1.94533e+09,1.08e+09,0.37,8.89,1.10,0
