#Originally from SOLID, but can't find so just plot digitized.
3.77669
501
wl,F_wl,unc,nu,F_nu
1.3999652287444774e-07,68351.65140338978,0.0,2.141427885811572e+17,4.468510750514682e-20
2.4669110479192115e-07,408205.71663926827,0.0,1.2152544302433149e+17,8.286389805627534e-19
3.4635078063061825e-07,629277.2682685218,0.0,8.655746565783765e+16,2.5179881532052504e-18
4.474174376850709e-07,589966.7000975363,0.0,6.7005090268971256e+16,3.939422933654217e-18
5.404084407720654e-07,930126.6182511628,0.0,5.5475162003705096e+16,9.060780668943949e-18
6.365802370618966e-07,1112295.7376876187,0.0,4.709421382348857e+16,1.503508450176036e-17
7.381362009595354e-07,1071692.6835710595,0.0,4.0614788654219464e+16,1.9477022834762152e-17
8.347369622230025e-07,879049.845162999,0.0,3.5914602032431572e+16,2.043111592135559e-17
9.478558621927121e-07,711095.4144249957,0.0,3.162848592891311e+16,2.1310408555628582e-17
1.04396671916874e-06,508692.8459412672,0.0,2.8716668117419508e+16,1.849303684085043e-17
1.1407508958178705e-06,222023.97960764667,0.0,2.628027373014346e+16,9.63742068409152e-18
1.2384527468395697e-06,150271.74853244677,0.0,2.4207016276159576e+16,7.6880379481415e-18
1.3430060885543822e-06,116776.03876511382,0.0,2.2322494332300308e+16,7.025690262215835e-18
1.4486001781578761e-06,238414.84004334503,0.0,2.0695321077568376e+16,1.6688205921898682e-17
1.5410403376436282e-06,399704.26745974197,0.0,1.945390076280587e+16,3.166256509652919e-17
1.652384828182003e-06,510121.15582099935,0.0,1.814301686186743e+16,4.645955327225149e-17
1.7408483987199557e-06,1599938.862625236,0.0,1.72210548730399e+16,1.6173521468835028e-16
1.8387952018853747e-06,1960434.1807987182,0.0,1.6303743760730578e+16,2.2110485899241303e-16
1.948671174449938e-06,1320309.2626298366,0.0,1.5384455927235854e+16,1.6723689245917208e-16
2.0480249588311124e-06,1002558.9652607228,0.0,1.4638125219484788e+16,1.4026835764601572e-16
2.146705423539184e-06,577792.6912900277,0.0,1.3965235039363e+16,8.881703033121169e-17
2.249974260110101e-06,607207.7054511871,0.0,1.332426167334598e+16,1.0253489020998843e-16
2.345168040157813e-06,530048.4198626649,0.0,1.278341052182453e+16,9.7239513029474e-17
2.4397494398462257e-06,621558.218083798,0.0,1.2287837968266756e+16,1.2341034430287697e-16
2.537573766939785e-06,1183741.7837572119,0.0,1.1814137658017248e+16,2.5425741465390526e-16
2.6497743950926726e-06,981101.4403667444,0.0,1.1313886138956186e+16,2.297793564247578e-16
2.743866487937899e-06,682802.5251379625,0.0,1.0925912733651386e+16,1.7147482432612375e-16
2.8445663142210254e-06,960527.9333522902,0.0,1.053912705431503e+16,2.592515859236733e-16
2.9400653882820076e-06,679571.9744497413,0.0,1.0196795594916348e+16,1.9594254119620215e-16
3.05030878906215e-06,3357086.457060694,0.0,9828265881637982.0,1.0419081503223561e-15
3.1548627282212153e-06,3835445.9828898837,0.0,9502551579130986.0,1.2733743644285127e-15
3.251280074099019e-06,1488841.8583296186,0.0,9220751555310940.0,5.249725945260443e-16
3.3488594490488586e-06,1716374.8434231663,0.0,8952076447554313.0,6.420742881477222e-16
3.4472334248551546e-06,1214585.1077981065,0.0,8696610326369084.0,4.814471643322472e-16
3.5519713768441365e-06,679673.925422324,0.0,8440170997840649.0,2.860347650900723e-16
3.645756980787587e-06,744353.0171977316,0.0,8223051058527667.0,3.3001500164646004e-16
3.75257403877692e-06,489751.5507517108,0.0,7988981826930499.0,2.300454544290448e-16
3.847645342752772e-06,100657.15828558907,0.0,7791582417144390.0,4.970659688333478e-17
3.949630271624047e-06,53763.36386403801,0.0,7590392957888903.0,2.797554890765524e-17
4.050818209861853e-06,78451.43944623838,0.0,7400787753697393.0,4.294036392814123e-17
4.1445440693800065e-06,157616.8677884137,0.0,7233424303890844.0,9.030993167030735e-17
4.241388587898687e-06,116129.79579232696,0.0,7068262003989744.0,6.968496503250096e-17
4.343801286855091e-06,79301.58436419125,0.0,6901615387131337.0,4.991155039631975e-17
4.452270875648152e-06,80185.93433157701,0.0,6733473015753042.0,5.3020112982689253e-17
4.556150897689862e-06,47676.193416353795,0.0,6579950153802103.0,3.3012397716544906e-17
4.639904217737363e-06,107594.47365122642,0.0,6461177729789280.0,7.726579781235e-17
4.741338303007395e-06,137757.68175775543,0.0,6322950163877653.0,1.0329921257057488e-16
4.846931795166636e-06,90931.63325935474,0.0,6185200672700888.0,7.125709378783035e-17
4.940779533312396e-06,267625.6201714805,0.0,6067715751708784.0,2.1792042357305702e-16
5.042090545066315e-06,303399.784736499,0.0,5945796794413914.0,2.5728581700475835e-16
5.147256267140426e-06,120482.80344253138,0.0,5824315760492543.0,1.0647703363008828e-16
5.341925112752668e-06,89435.2453686142,0.0,5612067778417778.0,8.513018767112818e-17
5.341925112752668e-06,inf,0.0,5612067778417778.0,inf
5.4716840300562256e-06,43153.48887041785,0.0,5478979713616969.0,4.3096026675666855e-17
5.539654067828642e-06,140852.07642396053,0.0,5411754133548425.0,1.4418093632285704e-16
5.651304449824541e-06,137859.63273033837,0.0,5304836443722437.0,1.4686348281709662e-16
5.745519018741627e-06,69881.9122557048,0.0,5217848153005679.0,7.694893453346312e-17
5.836184768796045e-06,218759.55595785228,0.0,5136788327930965.0,2.485446366492682e-16
5.955298424400101e-06,232055.68963948693,0.0,5034045930791440.0,2.745228990522633e-16
6.053551716467296e-06,192098.87849571527,0.0,4952339916160021.0,2.348143534846174e-16
6.161592340286722e-06,207809.62299705093,0.0,4865502964872381.0,2.631666634551286e-16
6.240573275641461e-06,264259.2455491061,0.0,4803924972248398.0,3.432878729667334e-16
6.352896379866208e-06,271094.27785429964,0.0,4718988632493855.0,3.6495825493711165e-16
6.451210611247206e-06,66515.53763332736,0.0,4647072868421535.0,9.233893126764937e-17
6.641780989284041e-06,32271.633920624507,0.0,4513735976595586.0,4.748641165068791e-17
6.72798024610322e-06,30265.15907911264,0.0,4455905740413504.5,4.5697419176229095e-17
6.72798024610322e-06,inf,0.0,4455905740413504.5,inf
6.926993706323091e-06,63455.01592869792,0.0,4327886969586009.0,1.0156284095718149e-16
6.926993706323091e-06,inf,0.0,4327886969586009.0,inf
7.15629042083774e-06,88993.23642885116,0.0,4189215925712881.5,1.5202401992844538e-16
7.15629042083774e-06,inf,0.0,4189215925712881.5,inf
7.226583321865722e-06,54273.45081480963,0.0,4148467465848039.5,9.454373638150879e-17
7.226583321865722e-06,inf,0.0,4148467465848039.5,inf
7.344963315927127e-06,51994.996017124824,0.0,4081605926470966.0,9.356644057202211e-17
7.552786689101362e-06,76207.18969798698,0.0,3969295974326922.0,1.4500723848449715e-16
7.552786689101362e-06,inf,0.0,3969295974326922.0,inf
7.650305124737398e-06,168532.92778764162,0.0,3918699360508063.0,3.2901945327432054e-16
7.747761426171125e-06,228178.8959784796,0.0,3869407452162021.5,4.56885368208143e-16
7.845952584036011e-06,268951.97907862917,0.0,3820982280851163.5,5.5226230328487795e-16
7.954604990770482e-06,224608.28732308123,0.0,3768791264278254.5,4.740698218665474e-16
8.040560490334449e-06,145068.92805214674,0.0,3728501991377097.0,3.128429310132799e-16
8.167138614435168e-06,153366.1431986526,0.0,3670715928221494.5,3.41231131680514e-16
8.242448852299633e-06,212026.14253737705,0.0,3637177049832202.5,4.804865452715166e-16
8.352263885550392e-06,336113.4275968903,0.0,3589355677789920.5,7.821203287645796e-16
8.460855352971061e-06,376478.37471884594,0.0,3543287829577736.0,8.9897553493344e-16
8.550726502169021e-06,321660.9639916964,0.0,3506046625675059.5,7.8448327223471e-16
8.64971345577887e-06,357333.1775841262,0.0,3465923576921601.0,8.917766147316154e-16
8.753532538506776e-06,410348.0154149362,0.0,3424816857436851.5,1.0488136605747115e-15
8.84841982965271e-06,473122.91540927545,0.0,3388090345751219.5,1.2356194077942491e-15
8.943736085772283e-06,559463.4340238232,0.0,3351982383256037.5,1.492756444229423e-15
9.035870353800513e-06,673484.8040020553,0.0,3317803888962466.5,1.8342016520212007e-15
9.136508643325582e-06,628971.4153507714,0.0,3281258407378675.0,1.7513411195639058e-15
