##Should be same as Garcia-Munoz
5.30097
0
wl,F_wl,unc,nu,F_nu
7.500559875394638e-07,1400101.2312347728,0.0,3.9969344019699144e+16,2.6273994167415947e-17
1.2498412776237235e-06,265514.0169844292,0.0,2.398644238810741e+16,1.3834914442308419e-17
1.7511900387044264e-06,2829367.717878258,0.0,1.7119356059254074e+16,2.8942447053678313e-16
2.2501679626183913e-06,1828237.195033287,0.0,1.3323114673233048e+16,3.08774702104469e-16
2.561658155790772e-06,152573.02169285106,0.0,1.1703062616778212e+16,3.3396379919629146e-17
2.8436755674374624e-06,911291.2514847419,0.0,1.054242830767624e+16,2.458083271744694e-16
2.749096557433999e-06,-5357954.158977175,0.0,1.0905126529270606e+16,-1.3506980679038962e-15
3.031399871400327e-06,742818.0599573554,0.0,9889571508806380.0,2.2769222806300796e-16
3.0388297730459163e-06,84994395.6357621,0.0,9865391627366756.0,2.6180765017327358e-14
3.2541799144428706e-06,1010563.534290198,0.0,9212534828496898.0,3.569653322105396e-16
3.679058004162414e-06,147924.78482824683,0.0,8148620045153425.0,6.678724257858284e-17
3.7457478773496483e-06,1344656.9278702058,0.0,8003540756515678.0,6.293146979020393e-16
4.2460361212422384e-06,67611.02307105601,0.0,7060525380370326.0,4.0659700332213636e-17
4.6610622082809535e-06,56580.78066261285,0.0,6431848462940092.0,4.100322636348079e-17
4.7503545877499375e-06,457485.84865732415,0.0,6310949055741969.0,3.443570817645415e-16
5.019605455071796e-06,11717.696701896066,0.0,5972430715587228.0,9.848287420431147e-18
5.275925733628654e-06,124453.67248976303,0.0,5682272138311735.0,1.15553834337899e-16
5.535011372333633e-06,138757.20854190717,0.0,5416293442475866.0,1.4179858152619802e-16
5.848313902843084e-06,222867.65410563347,0.0,5126134865200373.0,2.542656473688099e-16
5.740011793531174e-06,-164239.64512798202,0.0,5222854390958871.0,-1.8050235167036948e-16
6.107598755678491e-06,137926.54588135576,0.0,4908515932243754.0,1.7162010098945065e-16
6.293616991892049e-06,377382.35470315337,0.0,4763436643606008.0,4.986105993848183e-16
6.261831047488554e-06,-824263.6955320097,0.0,4787616525045632.0,-1.078072977022903e-15
6.738274714145292e-06,21534.550080171353,0.0,4449098184890890.0,3.2614635203712123e-17
7.0445599284246225e-06,45202.965584141624,0.0,4255659133373895.5,7.482624665654212e-17
7.250541212881484e-06,29395.874561934295,0.0,4134759726175773.0,5.154737254760095e-17
7.653349058041566e-06,16043.629928388547,0.0,3917140793219153.0,3.134620542936669e-17
7.70088538759462e-06,358147.1299966306,0.0,3892960911779529.0,7.084710230854229e-16
7.897086289189387e-06,125381.68683245261,0.0,3796241386021031.0,2.608237725994049e-16
7.749015921267085e-06,-206320.82184080684,0.0,3868781030339905.0,-4.132524743052866e-16
8.050925632485285e-06,12569.983206857609,0.0,3723701741702157.5,2.717725720796841e-17
8.26561698268489e-06,269805.93277812627,0.0,3626982215943661.0,6.148672276904982e-16
8.731285545089676e-06,290496.31201517856,0.0,3433543164426664.5,7.387139548086967e-16
9.049945601479808e-06,330210.82463869936,0.0,3312643757228543.5,9.021163212853875e-16
9.322124416561907e-06,0.0,0.0,3215924231470046.0,0.0
9.762539743328611e-06,299433.2667034007,0.0,3070844942832299.5,9.51929915409703e-16
9.762539743328611e-06,inf,0.0,3070844942832299.5,inf
1.0246632623163088e-05,227332.4078586506,0.0,2925765654194553.0,7.961648135855005e-16
1.0332021228356113e-05,772644.0764650126,0.0,2901585772754929.0,2.751245568874095e-15
1.0246632623163088e-05,-854036.6695901635,0.0,2925765654194553.0,-2.991011938175625e-15
