  0.99980671869799431        11777986829727.188        0.0000000000000000        2.1169220085264797        1533.9999999999861        6.1542259717999504E-008   3.8198275397597733E-011
   1.0000000000000000        11777986829727.188        0.0000000000000000        2.1169220085264797        1533.9999843186743        6.2533056639244184E-008   3.9004003604927216E-011
   1.0001932813020056        11577194201343.045       -852.30135370667233        2.1012177340889315        1549.0280809363619        6.2471998699565952E-008   3.9594712006203255E-011
   1.0003865626040114        11243214276198.240        54.606560952821866        2.0658119182162369        1568.1652632333466        6.1660050010552754E-008   3.9824525562398851E-011
   1.0005798439060170        10933808003680.344       -1.1193875008219680        2.0330033649814649        1586.9314946974614        6.0928285298621521E-008   4.0081794679369338E-011
   1.0007731252080228        10642369948851.016        7.8066124700330510        2.0008907988865041        1604.6360601081503        6.0246551735422853E-008   4.0329730737637953E-011
   1.0009664065100283        10377269374703.629        2.8731740501631231        1.9697634064451721        1620.0278263184857        5.9667988108268001E-008   4.0571138369242497E-011
   1.0011596878120339        10143082192253.287        4.4902696123849823        1.9393458144271507        1631.8370905295390        5.9227410805944990E-008   4.0798192450532994E-011
   1.0013529691140397        9938916288098.2852        3.7191634545827901        1.9096070334351551        1639.8210210698446        5.8929419900821871E-008   4.1011724980623762E-011
   1.0015462504160453        9759148730024.8750        3.7843979641490204        1.8804418950579094        1644.5210914548218        5.8749949036430464E-008   4.1213542240561656E-011
   1.0017395317180511        9596618297321.1602        3.5351945860498275        1.8517969787367501        1646.8976359912881        5.8653211274355818E-008   4.1407493565346919E-011
   1.0019328130200567        9444848255767.9180        3.4686196911781142        1.8236273679215729        1647.9064851778217        5.8604584698619660E-008   4.1597061994914275E-011
   1.0021260943220622        9299307660100.4648        3.4197571208305573        1.7959088568134995        1648.2576980620070        5.8578841362576632E-008   4.1784886629951965E-011
   1.0023193756240680        9157452843550.8457        3.4374023733253347        1.7686260388297554        1648.3625943781522        5.8561416215055740E-008   4.1972466046802842E-011
   1.0025126569260736        9018155179513.5469        3.4765648834441865        1.7417695042344050        1648.4067920176572        5.8545762758922552E-008   4.2160484142582739E-011
   1.0027059382280794        8881035497476.7715        3.5308479448392576        1.7153318396585864        1648.4506492951396        5.8529751676648682E-008   4.2349160824689546E-011
   1.0028992195300850        8746008715347.0332        3.5886020619037713        1.6893064116137457        1648.5036808758016        5.8513050439602402E-008   4.2538531909623896E-011
   1.0030925008320906        8613062031793.3770        3.6480004662242922        1.6636867182028108        1648.5622869963559        5.8495788054578834E-008   4.2728584772015699E-011
   1.0032857821340964        8482181938348.9746        3.7078656365197875        1.6384663230190359        1648.6228359042814        5.8478095033734692E-008   4.2919307264829660E-011
   1.0034790634361019        8353343696069.8594        3.7684415393172510        1.6136388531785215        1648.6837453657324        5.8460029474820420E-008   4.3110694838113608E-011
   1.0036723447381077        8226516462584.4990        3.8298050178579164        1.5891980278895748        1648.7446522055436        5.8441606521681499E-008   4.3302747509984717E-011
   1.0038656260401133        8101667825421.4629        3.8920615918911103        1.5651376664335819        1648.8055962155775        5.8422827036622423E-008   4.3495466744611410E-011
   1.0040589073421189        7978765579399.1416        3.9552292391950519        1.5414516905729541        1648.8666874176115        5.8403689347482099E-008   4.3688854226514251E-011
   1.0042521886441247        7857777988843.2900        4.0193202869568054        1.5181341231311742        1648.9280547972926        5.8384191047151532E-008   4.3882911663796578E-011
   1.0044454699461303        7738673605836.1006        4.0843364622135150        1.4951790868791628        1648.9898849787596        5.8364327645357699E-008   4.4077640939321035E-011
   1.0046387512481361        7621421018989.5771        4.1502813505341880        1.4725808038827475        1649.0524799666775        5.8344090548497447E-008   4.4273044328344322E-011
   1.0048320325501416        7505988619099.8926        4.2171585936426847        1.4503335956099412        1649.1163171849037        5.8323464966765198E-008   4.4469124725747559E-011
   1.0050253138521472        7392344395345.5107        4.2849743999438514        1.4284318836451690        1649.1821085491138        5.8302427860724304E-008   4.4665885868338718E-011
   1.0052185951541530        7280455791848.2051        4.3537412691279647        1.4068701909291170        1649.2508513320336        5.8280946183869982E-008   4.4863332526504872E-011
   1.0054118764561586        7170289702561.6289        4.4234798861936611        1.3856431432127065        1649.3238513621106        5.8258976102588155E-008   4.5061470591086431E-011
   1.0056051577581644        7061812650004.1992        4.4942223462696482        1.3647454702571467        1649.4027041601223        5.8236463695969013E-008   4.5260307001301165E-011
   1.0057984390601700        6954991192175.9785        4.5660107612387781        1.3441720061711000        1649.4892181457246        5.8213347686667966E-008   4.5459849453310673E-011
   1.0059917203621755        6849792533726.0068        4.6388958335604604        1.3239176882573909        1649.5852787943049        5.8189564235914512E-008   4.5660105886708087E-011
   1.0061850016641813        6746185269061.5420        4.7129296958033846        1.3039775538700904        1649.6926648399494        5.8165053405537689E-008   4.5861083792269767E-011
   1.0063782829661869        6644140130337.4648        4.7881605006024941        1.2843467350886995        1649.8128433363026        5.8139766341458186E-008   4.6062789446521001E-011
   1.0065715642681929        6543630591622.5264        4.8646240264453429        1.2650204514190915        1649.9467799437705        5.8113671901188294E-008   4.6265227215732229E-011
   1.0067648455701994        6444633195814.5996        4.9423396784448057        1.2459940011339299        1650.0948020197911        5.8086761410545530E-008   4.6468399076852778E-011
   1.0069581268722083        6347127526108.3545        5.0213095873270666        1.2272627522083457        1650.2565427020236        5.8059050570766640E-008   4.6672304467349702E-011
   1.0071514081742272        6251095816990.6104        5.1015167542024855        1.2088221338522909        1650.4309780472915        5.8030578103426716E-008   4.6876940509807776E-011
   1.0073446894762856        6156522273253.0742        5.1829396151156146        1.1906676297055345        1650.6165506340899        5.8001401383408421E-008   4.7082302589213977E-011
   1.0075379707785026        6063392188637.8818        5.2655262007030270        1.1727947731509507        1650.8113644643913        5.7971589593089852E-008   4.7288385212931402E-011
   1.0077312520813539        5971690944771.4502        5.3492721487354480        1.1551991458458595        1651.0134375072662        5.7941214921283906E-008   4.7495183125111348E-011
   1.0079245333867424        5881402969766.3135        5.4340168843483294        1.1378763779738503        1651.2209926574089        5.7910342412115076E-008   4.7702692536712907E-011
   1.0081178147022793        5792510817885.7012        5.5199720663788288        1.1208221546039141        1651.4327504092410        5.7879020002012151E-008   4.7910912537035971E-011
   1.0083110960584103        5704994554307.7656        5.6061297494004663        1.1040322150247281        1651.6481489969467        5.7847270802282253E-008   4.8119845984838464E-011
   1.0085043775769169        5618831698934.6309        5.6938915996382482        1.0875023750255008        1651.8674535369619        5.7815090978139070E-008   4.8329501524022969E-011
   1.0086976597449264        5533997748513.4707        5.7748880747694251        1.0712284772721024        1652.0915890200906        5.7782455768669301E-008   4.8539893915573079E-011
   1.0088909445109475        5450469003382.6582        5.8571947909994124        1.0552064697280716        1652.3214566767672        5.7749359443197901E-008   4.8751058320499655E-011
   1.0090842396690147        5368225345371.0664        5.8811977022262383        1.0394318462551997        1652.5561854332495        5.7715893952442916E-008   4.8963072394975544E-011
   1.0092775763952666        5287249258466.5400        5.9775486713825376        1.0238994242159749        1652.7929405748105        5.7682434392602444E-008   4.9176263202324313E-011
   1.0094710793942565        5207475741900.8496        6.3327819426123195        1.0085956147777864        1653.0300058116441        5.7649857886312546E-008   4.9391721527412764E-011
   1.0096652474841998        5128692493158.6924        6.4537333082667772       0.99347710176211146        1653.2635824635979        5.7618976574662502E-008   4.9610892707675343E-011
   1.0098609435033683        5050589936872.3232        6.2274685834811194       0.97847697649275722        1653.4816545335584        5.7589625674525156E-008   4.9834206263058022E-011
   1.0100587877961285        4972964629488.6123        6.2387935960462277       0.96354923034056750        1653.6720924832698        5.7561134637204733E-008   5.0061228629198931E-011
   1.0102589504271631        4895767934874.8838        6.4425402067736410       0.94868424077732416        1653.8331809756573        5.7533199183813896E-008   5.0291825819684096E-011
   1.0104614585627469        4818995958436.5518        6.5786390097334113       0.93388530832272054        1653.9706486808313        5.7505693641883278E-008   5.0526187372313795E-011
   1.0106663396874889        4742638527316.2822        6.6912317044522522       0.91915500145854356        1654.0914817253890        5.7478408082134308E-008   5.0764478796766048E-011
   1.0108736216080618        4666688864656.4502        6.8073582379438546       0.90449555905459578        1654.2013281388647        5.7451159863894856E-008   5.1006849545940533E-011
   1.0110833324569777        4591146972113.0771        6.9250873911216431       0.88990927357599903        1654.3038744063290        5.7423839138048884E-008   5.1253452237314098E-011
   1.0112955006964046        4516017002626.0547        7.0466407744428530       0.87539842649912425        1654.4015167462394        5.7396383105295016E-008   5.1504444490730478E-011
   1.0115101551220302        4441305329384.6328        7.1715346343662842       0.86096531445598123        1654.4960183381879        5.7368756228888291E-008   5.1759995598030866E-011
   1.0117273248669703        4367019631245.1709        7.3001188239089734       0.84661223313580247        1654.5887680603826        5.7340941453423627E-008   5.2020289166463058E-011
   1.0119470394057215        4293168582440.8608        7.4324246665763560       0.83234147668626934        1654.6808648585675        5.7312938446806986E-008   5.2285526072159078E-011
   1.0121693285581634        4219761697409.4341        7.5686067432893926       0.81815533204084068        1654.7731403987482        5.7284763739081312E-008   5.2555927147323328E-011
   1.0123942224936040        4146809194120.3931        7.7087767736567718       0.80405607547232372        1654.8661817491663        5.7256451134746221E-008   5.2831736351313753E-011
   1.0126217517348755        4074321817560.6162        7.8530652455752943       0.79004596877011946        1654.9603723000423        5.7228051614551567E-008   5.3113224391406561E-011
   1.0128519471624760        4002310641083.3589        8.0016028224625124       0.77612725616654998        1655.0559482681681        5.7199632904786755E-008   5.3400692887585725E-011
   1.0130848400187620        3930786886799.9419        8.1545310587032933       0.76230216169643328        1655.1530546659810        5.7171279262996844E-008   5.3694479035656265E-011
   1.0133204619121865        3859761788992.9727        8.3120006295953299       0.74857288704618041        1655.2517903716205        5.7143091863295183E-008   5.3994960781802886E-011
   1.0135588448215918        3789246506380.2485        8.4741730460895504       0.73494160972255795        1655.3522378015393        5.7115189951254359E-008   5.4302562540565072E-011
   1.0138000211005462        3719252072620.6641        8.6412183849496067       0.72141048141713660        1655.4544794633698        5.7087712710092160E-008   5.4617761525109828E-011
   1.0140440234817385        3649789370953.7783        8.8133161033420961       0.70798162646843610        1655.5586057198734        5.7060821710290327E-008   5.4941094770317669E-011
   1.0142908850814178        3580869119598.7065        8.9906540746400196       0.69465714037225179        1655.6647185889622        5.7034703799221989E-008   5.5273166933619085E-011
   1.0145406394038903        3512501862437.4785        9.1734282171023906       0.68143908830192501        1655.7729335016709        5.7009574386180124E-008   5.5614658945303674E-011
   1.0147933203460646        3444697959403.3398        9.3618441698800936       0.66832950364796817        1655.8833814258189        5.6985681063395095E-008   5.5966337584226216E-011
   1.0150489622020535        3377467575310.4360        9.5561162258340424       0.65533038657167442        1655.9962120064406        5.6963307561274604E-008   5.6329066044212349E-011
   1.0153075996678278        3310820671414.4248        9.7564699529123260       0.64244370257786765        1656.1115957240959        5.6942778125832466E-008   5.6703815542450745E-011
   1.0155692678459254        3244766999164.8159        9.9631401241349273       0.62967138110039111        1656.2297251768375        5.6924462332267410E-008   5.7091678027838705E-011
   1.0158340022502161        3179316086934.2480        10.176373256339527       0.61701531410555088        1656.3508201624334        5.6908780189447322E-008   5.7493880063272089E-011
   1.0161018388107208        3114477229071.4941        10.396428564248534       0.60447735473820297        1656.4751322064481        5.6896207695896553E-008   5.7911797906779551E-011
   1.0163728138784875        3050259478571.7925        10.623577028595257       0.59205931598842121        1656.6029476665246        5.6887282881967811E-008   5.8346973821996479E-011
   1.0166469642305263        2986671635860.1973        10.858103842168500       0.57976296939048844        1656.7345933734657        5.6882612204963070E-008   5.8801133662883616E-011
   1.0169243270747998        2923722236540.7822        11.100308606296890       0.56759004376655031        1656.8704435948453        5.6882877332743147E-008   5.9276205737427110E-011
   1.0172049400552736        2861419542735.4209        11.350507033646309       0.55554222401112974        1657.0109258065979        5.6888842387551259E-008   5.9774340932044873E-011
   1.0174888412570249        2799771534471.2827        11.609031162084008       0.54362114991585353        1657.1565271423431        5.6901361563983918E-008   6.0297934081643797E-011
   1.0177760692114108        2738785898619.4917        11.876230659112592       0.53182841503613476        1657.3078031122213        5.6921387033789744E-008   6.0849646546553662E-011
   1.0180666629013004        2678470018403.6602        12.152475716852628       0.52016556561873173        1657.4653871036710        5.6949977144674676E-008   6.1432429918290590E-011
   1.0183606617663623        2618830964671.5239        12.438156098127491       0.50863409957846184        1657.6299999453249        5.6988304879424696E-008   6.2049550750340762E-011
   1.0186581057084190        2559875486570.9609        12.733685118568491       0.49723546553090825        1657.8024610357970        5.7037666453648781E-008   6.2704616192806084E-011
   1.0189590350968636        2501610001405.8672        13.039499667012329       0.48597106188917760        1657.9837014104432        5.7099489953293648E-008   6.3401600370610197E-011
   1.0192634907741360        2444040585735.4473        13.356063903835672       0.47484223602360864        1658.1747775911188        5.7175343947883318E-008   6.4144871300238294E-011
   1.0195715140612687        2387172968209.8818        13.683869930234525       0.46385028348688528        1658.3768859306431        5.7266945969976092E-008   6.4939218108225958E-011
   1.0198831467634930        2331012521401.0156        14.023441373470567       0.45299644730381783        1658.5913793900131        5.7376170656578785E-008   6.5789878286846275E-011
   1.0201984311759142        2275564254119.0781        14.375335285208756       0.44228191733215777        1658.8197860025591        5.7505057421101628E-008   6.6702564667543692E-011
   1.0205174100892511        2220832804935.7983        14.740146160197286       0.43170782969546673        1659.0638286647743        5.7655817492492300E-008   6.7683491753948321E-011
   1.0208401267956440        2166822436595.9629        15.118508166293697       0.42127526628655343        1659.3254465898351        5.7830840115228541E-008   6.8739401019393337E-011
   1.0211666250945304        2113537031375.4556        15.511099660670263       0.41098525434058308        1659.6068185230938        5.8032697693271837E-008   6.9877584733088233E-011
   1.0214969492985888        2060980086804.7891        15.918646505228452       0.40083876607968588        1659.9103883483651        5.8264149624933778E-008   7.1105907845022223E-011
   1.0218311442397543        2009154712521.8376        16.341927633330478       0.39083671842849471        1660.2388927060838        5.8528144592965308E-008   7.2432827418862961E-011
   1.0221692552753014        1958063629560.8735        16.781780039532368       0.38097997279660495        1660.5953896642011        5.8827821079895418E-008   7.3867409068311350E-011
   1.0225113282940017        1907709176357.0425        17.239103545422353       0.37126933490856667        1660.9832846021336        5.9166505968705558E-008   7.5419339808932307E-011
   1.0228574097223508        1858093313506.4062        17.714861952875513       0.36170555466278298        1661.4063595749583        5.9547710728350024E-008   7.7098936783263801E-011
   1.0232075465308694        1809217614987.8008        18.210096199332099       0.35228932606332281        1661.8688181051518        5.9975124467700987E-008   7.8917151348914115E-011
   1.0235617862404793        1761083269197.5017        18.725932772286423       0.34302128724585895        1662.3753261932775        6.0452604227617961E-008   8.0885567805922857E-011
   1.0239201769289514        1713691093422.4685        19.263587098240208       0.33390202052756413        1662.9310445442559        6.0984162404247259E-008   8.3016396137135354E-011
   1.0242827672374317        1667041546880.7371        19.824371514661859       0.32493205245070073        1663.5416645813102        6.1573950585037620E-008   8.5322458284481804E-011
   1.0246496063770434        1621134740970.1992        20.409706221150458       0.31611185383712737        1664.2134502012750        6.2226239456915986E-008   8.7817167444457778E-011
   1.0250207441355650        1575970451611.1016        21.021128243766231       0.30744183984874429        1664.9532809176585        6.2945394691501034E-008   9.0514499859794469E-011
   1.0253962308841877        1531548134555.7456        21.660303738994042       0.29892237004102518        1665.7686952577544        6.3735848633529042E-008   9.3428958667614487E-011
   1.0257761175843525        1487866943208.6438        22.329037465584115       0.29055374839009795        1666.6679344461713        6.4602067615914492E-008   9.6575529445259564E-011
   1.0261604557946660        1444925748627.2700        23.029287180832391       0.28233622327810570        1667.6599862947930        6.5548514777747569E-008   9.9969627182328549E-011
   1.0265492976778987        1402723161636.9160        23.763175241639551       0.27426998742133168        1668.7546288843523        6.6579608332475584E-008   1.0362703450618355E-010
   1.0269426960080630        1361257557157.7031        24.533003984117133       0.26635517772121564        1669.9624732921068        6.7699675315696025E-008   1.0756383109984615E-010
   1.0273407041775779        1320527100026.3589        25.341269407604564       0.25859187502224706        1671.2950054934902        6.8912900889092988E-008   1.1179631438831979E-010
   1.0277433762045145        1280529772089.2129        26.190678519131620       0.25098010376108215        1672.7646269770901        7.0223273389201518E-008   1.1634091170475196E-010
   1.0281507667399268        1241263401081.4966        27.084165353641069       0.24351983149123335        1674.3846925080334        7.1634525457127869E-008   1.2121408428717350E-010
   1.0285629310752695        1202725690804.2205        28.024908290258729       0.23621096826181787        1676.1695444449249        7.3150071661770771E-008   1.2643222362436236E-010
   1.0289799251499030        1164914251367.7400        29.016348779054187       0.22905336583863142        1678.1345440435593        7.4772943107179416E-008   1.3201154084736654E-010
   1.0294018055586838        1127826629951.6326        30.062210534363505       0.22204681675525384        1680.2960978555020        7.6505719739474450E-008   1.3796795000534310E-010
   1.0298286295596473        1091460341895.9946        31.166518564119695       0.21519105317952050        1682.6716778179280        7.8350461190215755E-008   1.4431694623576509E-010
   1.0302604550817778        1055812900711.6948        32.333618734416028       0.20848574558524777        1685.2798353273070        8.0308637059233280E-008   1.5107348002474820E-010
   1.0306973407328719        1020881846173.8784        33.568198831665377       0.20193050122862888        1688.1402089232524        8.2381057701403112E-008   1.5825182890201119E-010
   1.0311393458074909        986664770446.05823        34.875308678670308       0.19552486242931963        1691.2735238942223        8.4567806774746776E-008   1.6586546803999158E-010
   1.0315865302950100        953159341881.51953        36.260380319647126       0.18926830465738037        1694.7015823014656        8.6868176929599069E-008   1.7392694135243444E-010
   1.0320389548877598        920363325630.48535        37.729248003339492       0.18316023443512386        1698.4472426877044        8.9280610097995298E-008   1.8244773480704799E-010
   1.0324966809892628        888274599620.74451        39.288166647879059       0.17719998706824419        1702.5343898783331        9.1802643868947285E-008   1.9143815376055814E-010
   1.0329597707225677        856891164944.32385        40.943831398028685       0.17138682423194901        1706.9878948811415        9.4430865504364928E-008   2.0090720616830585E-010
   1.0334282869386811        826211150661.73108        42.703394917330805       0.16571993144354369        1711.8335632195049        9.7160875258393028E-008   2.1086249350382138E-010
   1.0339022932250970        796232812801.53040        44.574483635748848       0.16019841545517438        1717.0980703447588        9.9987260640256506E-008   2.2131011120162975E-010
   1.0343818539144274        766954526655.07666        46.565211187435459       0.15482130160730623        1722.8088843216133        1.0290358311686539E-007   2.3225456039891102E-010
   1.0348670340931330        738374771607.56604        48.684191122223680       0.14958753119329929        1728.9941763027821        1.0590237860831459E-007   2.4369867265202450E-010
   1.0353578996103583        710492107992.60400        50.940546547215462       0.14449595889333083        1735.6827194878460        1.0897517293381359E-007   2.5564354915687192E-010
   1.0358545170868669        683305146037.21655        53.343917474799127       0.13954535034022689        1742.9037766113727        1.1211251316206584E-007   2.6808851579287159E-010
   1.0363569539240842        656812507290.38245        55.904466185721944       0.13473437988606729        1750.6869757780723        1.1530401554839692E-007   2.8103109507885304E-010
   1.0368652783132450        631012778632.55920        58.632877371336335       0.13006162863751913        1759.0621757764709        1.1853843031589048E-007   2.9446699588801982E-010
   1.0373795592446493        605904459451.09326        61.540357017912378       0.12552558283171938        1768.0593216569666        1.2180372316588817E-007   3.0839012147041215E-010
   1.0378998665170243        581485902185.86377        64.638626407236686       0.12112463262655263        1777.7082934146883        1.2508717283736897E-007   3.2279259607019388E-010
   1.0384262707469984        557755247482.01379        67.939914507403699       0.11685707137719012        1788.0387489034636        1.2837548368414522E-007   3.3766481005111653E-010
   1.0389588433786858        534710355374.37506        71.456945490668545       0.11272109546605179        1799.0799622184809        1.3165491178382266E-007   3.5299548311856986E-010
   1.0394976566933818        512348733914.50293        75.202923688677799       0.10871480474513896        1810.8606594575294        1.3491140260993735E-007   3.6877174492132657E-010
   1.0400427838193735        490667466716.88385        79.191514509135899       0.10483620364209728        1823.4088542973534        1.3813073785493884E-007   3.8497923202790935E-010
   1.0405942987418655        469663141018.87537        83.436823318440887       0.10108320297152833        1836.7516861070847        1.4129868861474677E-007   4.0160220000184525E-010
   1.0411522763130197        449331778063.52771        87.953371202151885        9.7453622481199084E-002   1850.9152630073943        1.4440117188647597E-007   4.1862364904453461E-010
   1.0417167922621156        429668767710.83234        92.756068242119028        9.3945194147618052E-002   1865.9245119207228        1.4742440716935882E-007   4.3602546145169089E-010
   1.0422879232058280        410668809085.54382        97.860185841657213        9.0555566221400027E-002   1881.8030376953302        1.5035506987467207E-007   4.5378854896991808E-010
   1.0428657466586257        392325858872.31744        103.28132485490720        8.7282308004851122E-002   1898.5729935363890        1.5318043826020437E-007   4.7189300801677945E-010
   1.0434503410432912        374633088697.24493        109.03538688016359        8.4122915330618109E-002   1916.2549648789593        1.5588853074722924E-007   4.9031828065169405E-010
   1.0440417857015649        357582852837.79358        115.13854025321491        8.1074816694662558E-002   1934.8678684926890        1.5846823074421247E-007   5.0904331913446358E-010
   1.0446401609049134        341166667241.08588        121.60718915418721        7.8135379980941069E-002   1954.4288682106555        1.6090939646730097E-007   5.2804675188358688E-010
   1.0452455478654232        325375200529.73419        128.45794163700759        7.5301919704655926E-002   1974.9533082947537        1.6320295370151208E-007   5.4730704867835919E-010
   1.0458580287468242        310198277309.82617        135.70757862155023        7.2571704688015395E-002   1996.4546651602111        1.6534096994746921E-007   5.6680268299105800E-010
   1.0464776866756405        295624893743.25134        143.37302402564862        6.9941966074867898E-002   2018.9445178808689        1.6731670894419542E-007   5.8651228941906417E-010
   1.0471046057524716        281643245013.97076        151.47131651812148        6.7409905584669638E-002   2042.4325375170897        1.6912466512484260E-007   6.0641481428838657E-010
   1.0477388710634084        268240764013.48706        160.01958306104001        6.4972703902989024E-002   2066.9264948793880        1.7076057812503155E-007   6.2648965762410134E-010
   1.0483805686915790        255404170304.16260        169.03501471412179        6.2627529105239971E-002   2092.4322858638461        1.7222142800034059E-007   6.4671680482768809E-010
   1.0490297857288342        243119528234.34317        178.53484449945941        6.0371545012406436E-002   2118.9539726557318        1.7350541232730425E-007   6.6707694655904704E-010
   1.0496866102875657        231372312740.31595        188.53632738835893        5.8201919382329909E-002   2146.4938399348844        1.7461190667849613E-007   6.8755158557696830E-010
   1.0503511315126657        220147480980.67191        199.05672203460000        5.6115831848032809E-002   2175.0524679341383        1.7554141005320701E-007   7.0812312964847090E-010
   1.0510234395936267        209429548145.75909        210.11328127292791        5.4110481527097895E-002   2204.6288231759263        1.7629547717211992E-007   7.2877496985240458E-010
   1.0517036257767800        199202666669.88638        221.72324520072661        5.2183094232662375E-002   2235.2203583360970        1.7687664044179322E-007   7.4949154342172225E-010
   1.0523917823776818        189450708529.06573        233.90383321672283        5.0330929216768155E-002   2266.8231029556810        1.7728832517851350E-007   7.7025838008504338E-010
   1.0530880027936407        180157348742.37302        246.67223202945544        4.8551285384588895E-002   2299.4317390581859        1.7753476062040752E-007   7.9106213183262416E-010
   1.0537923815163948        171306146901.60016        260.04558489036094        4.6841506938886834E-002   2333.0396754727967        1.7762088762036223E-007   8.1189058730649532E-010
   1.0545050141449361        162880624126.65109        274.04099051052560        4.5198988442698540E-002   2367.6391403632078        1.7755226343895124E-007   8.3273267253031683E-010
   1.0552259973984843        154864334378.57452        288.67550835265990        4.3621179306822820E-002   2403.2213025429164        1.7733496470444236E-007   8.5357843939698631E-010
   1.0559554291296154        147240930462.87552        303.96617273898249        4.2105587714554256E-002   2439.7764159465978        1.7697549070797778E-007   8.7441904265671835E-010
   1.0566934083375401        139994225632.18027        319.93000510759538        4.0649783992078539E-002   2477.2939679435185        1.7648066994880710E-007   8.9524670562616785E-010
   1.0574400351815421        133108251249.85538        336.58402589062416        3.9251403427999224E-002   2515.7628106917768        1.7585757256566837E-007   9.1605467496774305E-010
   1.0581954109945708        126567310079.81142        353.94525991331199        3.7908148547005388E-002   2555.1712652031874        1.7511343014300932E-007   9.3683716561453081E-010
   1.0589596382969944        120356024216.32460        372.03074507511485        3.6617790852512065E-002   2595.5072009169867        1.7425556315774191E-007   9.5758929770764510E-010
   1.0597328208105143        114459376763.65628        390.85753983925503        3.5378172065527180E-002   2636.7581007908593        1.7329131565664463E-007   9.7830702778022144E-010
   1.0605150634722424        108862746902.69833        410.44273722477379        3.4187204896896695E-002   2678.9111209652647        1.7222799671621385E-007   9.9898707627251106E-010
   1.0613064724489425        103551938482.74316        430.80347905161187        3.3042873395585481E-002   2721.9531499550080        1.7107282842361677E-007   1.0196268531264000E-009
   1.0621071551514407        98513202561.893402        451.95697289342041        3.1943232916062485E-002   2765.8708688837305        1.6983290024067342E-007   1.0402243828688189E-009
   1.0629172202492017        93733254482.116135        473.92051053319096        3.0886409747238677E-002   2810.6508109257511        1.6851512972083262E-007   1.0607782302991911E-009
   1.0637367776850788        89199286101.868881        496.71148488306847        2.9870600442022485E-002   2856.2794158296865        1.6712622956782963E-007   1.0812874276209062E-009
   1.0645659386902351        84898973711.335388        520.34740738547441        2.8894070883876730E-002   2902.7430764354585        1.6567268085044666E-007   1.1017514037925938E-009
   1.0654048157992397        80820482031.327148        544.84592359141959        2.7955155124794625E-002   2950.0281771972959        1.6416071193022291E-007   1.1221699169147411E-009
   1.0662535228653414        76952464662.925842        570.22483029488899        2.7052254027763588E-002   2998.1211264173244        1.6259628253251447E-007   1.1425429904208421E-009
   1.0671121750759198        73284061389.444489        596.50209170800269        2.6183833745184688E-002   3047.0083833067915        1.6098507242047481E-007   1.1628708536757650E-009
   1.0679808889681206        69804892750.501007        623.69585580013950        2.5348424062286573E-002   3096.6764800239762        1.5933247418478949E-007   1.1831538874110115E-009
   1.0688597824446706        66505052286.416595        651.82447038475118        2.4544616632389809E-002   3147.1120387752203        1.5764358967281285E-007   1.2033925743588063E-009
   1.0697489747898803        63375096814.681374        680.90649865968953        2.3771063128308803E-002   3198.3017844880342        1.5592322957408076E-007   1.2235874554337791E-009
   1.0706485866858328        60406035069.879814        710.96073375523326        2.3026473331695052E-002   3250.2325538158407        1.5417591569193409E-007   1.2437390918349889E-009
   1.0715587402287632        57589315014.805855        742.00621407385245        2.2309613180127669E-002   3302.8913011902646        1.5240588546708309E-007   1.2638480335308449E-009
   1.0724795589456295        54916810106.304779        774.06223708835739        2.1619302789425088E-002   3356.2651024303686        1.5061709836323879E-007   1.2839147947504443E-009
   1.0734111678108782        52380804770.410553        807.14837310036648        2.0954414466357717E-002   3410.3411563515883        1.4881324376146391E-007   1.3039398373739200E-009
   1.0743536932634057        49973979316.316086        841.28447877181031        2.0313870725144664E-002   3465.1067845658054        1.4699775005709486E-007   1.3239235635443954E-009
   1.0753072632237177        47689394484.685806        876.49070916382175        1.9696642319031465E-002   3520.5494299486363        1.4517379467240836E-007   1.3438663194415536E-009
   1.0762720071112930        45520475805.859955        912.78753120618910        1.9101746296734563E-002   3576.6566538585816        1.4334431474922583E-007   1.3637684129889223E-009
   1.0772480558621462        43460997918.328011        950.19573343111620        1.8528244091663305E-002   3633.4161320520857        1.4151201831820430E-007   1.3836301493723345E-009
   1.0782355419465997        41505068962.842712        988.73643935174618        1.7975239650752994E-002   3690.8156502654042        1.3967939573139529E-007   1.4034518898065467E-009
   1.0792345993872623        39647115159.934578        1028.4311163629677        1.7441877608377076E-002   3748.8430996105321        1.3784873120644751E-007   1.4232341408343497E-009
   1.0802453637772187        37881865674.325607        1069.3015878025835        1.6927341509554363E-002   3807.4864704034335        1.3602211440854643E-007   1.4429776837774736E-009
   1.0812679722984329        36204337829.522804        1111.3700406166834        1.6430852085710160E-002   3866.7338447676184        1.3420145194636092E-007   1.4626837570753722E-009
   1.0823025637403667        34609822703.699799        1154.6590359970892        1.5951665585466082E-002   3926.5733906301198        1.3238847860328301E-007   1.4823543080626641E-009
   1.0833492785188148        33093871152.939781        1199.1915179015321        1.5489072162493631E-002   3986.9933578057712        1.3058476822461274E-007   1.5019923350787487E-009
   1.0844082586949646        31652280324.291275        1244.9908226846196        1.5042394321484185E-002   4047.9820733520814        1.2879174430957300E-007   1.5216023458989991E-009
   1.0854796479946753        30281080696.123093        1292.0806862713032        1.4610985422530771E-002   4109.5279337420397        1.2701069033696266E-007   1.5411909647047455E-009
   1.0865635918279848        28976523642.853733        1340.4852508011309        1.4194228243596608E-002   4171.6193949002527        1.2524275974180663E-007   1.5607677271129167E-009
   1.0876602373088449        27735069509.409561        1390.2290714812555        1.3791533600794771E-002   4234.2449628945278        1.2348898542884005E-007   1.5803461109180334E-009
   1.0887697332750876        26553376195.168568        1441.3371227013495        1.3402339025977631E-002   4297.3931863802318        1.2175028878282954E-007   1.5999448589909707E-009
   1.0898922303086267        25428288258.632221        1493.8348032376502        1.3026107500751814E-002   4361.0526494406840        1.2002748821473004E-007   1.6195896602957964E-009
   1.0910278807558924        24356826548.855160        1547.7479408942600        1.2662326245754045E-002   4425.2119627919265        1.1832130729735537E-007   1.6393152652336642E-009
   1.0921768387485116        23336178356.449863        1603.1027938867705        1.2310505563596764E-002   4489.8597521389656        1.1663238251353447E-007   1.6591681221783575E-009
   1.0933392602242225        22363688068.394356        1659.9260519186382        1.1970177733824127E-002   4554.9846433401244        1.1496127061579477E-007   1.6792096327868803E-009
   1.0945153029480423        21436848309.085472        1718.2448336450420        1.1640895958187994E-002   4620.5752441440809        1.1330845559651363E-007   1.6995201339728921E-009
   1.0957051265336777        20553291551.371166        1778.0866817366148        1.1322233354421680E-002   4686.6201217687876        1.1167435528100195E-007   1.7202037238221069E-009
   1.0969088924651871        19710782182.372246        1839.4795537802959        1.1013781996706929E-002   4753.1077750245477        1.1005932756952513E-007   1.7413940566725731E-009
   1.0981267641188983        18907209008.439529        1902.4518080556149        1.0715152000921825E-002   4820.0265992651030        1.0846367635964055E-007   1.7632612383145766E-009
   1.0993589067855829        18140578182.481541        1967.0321829795753        1.0425970652731383E-002   4887.3648422197230        1.0688765718070926E-007   1.7860199549858493E-009
   1.1006054876928879        17409006536.041649        2033.2497684930975        1.0145881576565624E-002   4955.1105485345824        1.0533148257177921E-007   1.8099389685050640E-009
   1.1018666760280331        16710715298.316059        2101.1339675329032        9.8745439435222234E-003   5023.2514905184698        1.0379532723550039E-007   1.8353521033226635E-009
   1.1031426429607727        16044024184.510590        2170.7144452282259        9.6116317162435634E-003   5091.7750821534237        1.0227933300311703E-007   1.8626708380329378E-009
   1.1044335616666281        15407345836.112652        2242.0210633226711        9.3568329288446217E-003   5160.6682730053562        1.0078361364742861E-007   1.8923985923180508E-009
   1.1057396073503898        14799180595.657143        2315.0837960212616        9.1098489999725790E-003   5229.9174182727475        9.9308259579971656E-008   1.9251467682769514E-009
   1.1070609572698973        14218111598.716051        2389.9326247637086        8.8703940771454604E-003   5299.5081208398151        9.7853342468236405E-008   1.9616525601978111E-009
   1.1083977907600961        13662800166.050137        2466.5974061364859        8.6381944105375016E-003   5369.4250408071257        9.6418919807523514E-008   2.0027984859870712E-009
   1.1097502892573776        13131981479.142876        2545.1077099237964        8.4129877544413707E-003   5439.6516676107822        9.5005039480449851E-008   2.0496335130839268E-009
   1.1111186363242045        12624460522.507641        2625.4926209146470        8.1945227947265702E-003   5510.1700495930354        9.3611744333844936E-008   2.1033955475242267E-009
   1.1125030176740223        12139108276.112528        2707.7804989073470        7.9825586006367494E-003   5580.9604757884435        9.2239076796809168E-008   2.1655349219924511E-009
   1.1139036211964664        11674858141.255871        2791.9986920650722        7.7768640994184419E-003   5652.0011048130154        9.0887083556244335E-008   2.2377383519344207E-009
   1.1153206369828608        11230702583.048496        2878.1731952123628        7.5772175723325804E-003   5723.2675361128649        8.9555820296100689E-008   2.3219526225740239E-009
   1.1167542573520197        10805689972.422537        2966.3282493957381        7.3834061707397812E-003   5794.7323195668450        8.8245356493704894E-008   2.4204070189500678E-009
   1.1182046768763483        10398921610.223618        3056.4858751150059        7.1952254511257327E-003   5866.3644006735503        8.6955780250679027E-008   2.5356332122818545E-009
   1.1196720924082484        10009548915.301170        3148.6653345909513        7.0124789280381784E-003   5938.1285003880075        8.5687203114765646E-008   2.6704809682163600E-009
   1.1211567031068386        9636770757.8501091        3242.8825211022759        6.8349776441788638E-003   6009.9844313375324        8.4439764824444946E-008   2.8281276502588408E-009
   1.1226587104649823        9279830918.3649063        3339.1492717838460        6.6625397570826729E-003   6081.8863557059312        8.3213637877851394E-008   3.0120790667516650E-009
   1.1241783183366352        8938015651.6452904        3437.4726087379945        6.4949901420870452E-003   6153.7819947536773        8.2009031792679448E-008   3.2261587756199880E-009
   1.1257157329645127        8610651334.4227581        3537.8539137664507        6.3321600116447536E-003   6225.6118058590491        8.0826196884596127E-008   3.4744825564652778E-009
   1.1272711630080812        8297102174.4070930        3640.2880501849045        6.1738865513417370E-003   6297.3081501512042        7.9665427348633751E-008   3.7614144425094282E-009
   1.1288448195718765        7996767958.1681738        3744.7624523173013        6.0200125733872768E-003   6368.7944822866784        7.8527063383705372E-008   4.0915005566374759E-009
   1.1304369162341572        7709081815.4340286        3851.2562121706733        5.8703861887596260E-003   6439.9846035135461        7.7411492057183726E-008   4.4693771217408315E-009
   1.1320476690758907        7433507978.4258070        3959.7392039940714        5.7248604996274167E-003   6510.7820294765379        7.6319146568667451E-008   4.8996495425354179E-009
   1.1336772967100792        7169539517.1384192        4070.1712981033079        5.5832933140876687E-003   6581.0795345449287        7.5250503545882625E-008   5.3867405226858978E-009
   1.1353260203114313        6916696035.5134029        4182.5017287991577        5.4455468856630298E-003   6650.7589436656654        7.4206077999568517E-008   5.9347069182811638E-009
   1.1369940636463793        6674521319.5881834        4296.6686903418477        5.3114876803145522E-003   6719.6912493781538        7.3186415587007465E-008   6.5470275292318055E-009
   1.1386816531034498        6442580937.2097321        4412.5992457206139        5.1809861739154865E-003   6787.7371338837193        7.2192081894926802E-008   7.2263673070689864E-009
   1.1403890177239879        6220459799.7704830        4530.2096343713629        5.0539166831233299E-003   6854.7479719415378        7.1223648559245572E-008   7.9743273950472190E-009
   1.1421163892332449        6007759709.4163218        4649.4060651399932        4.9301572323398003E-003   6920.5673779128210        7.0281676197284478E-008   8.7911947228510993E-009
   1.1438640020718267        5804096929.6494169        4770.0860667641155        4.8095894589115932E-003   6985.0333378457926        6.9366694337873770E-008   9.6757090549425671E-009
   1.1456320934275124        5609099832.0080471        4892.1404463880608        4.6920985578021409E-003   7047.9809343425868        6.8479178789445835E-008   1.0624868741499868E-008
   1.1474209032674472        5422406684.9735708        5015.4558739328322        4.5775732657362947E-003   7109.2456287156165        6.7619527169889290E-008   1.1633798113994455E-008
   1.1492306743707088        5243663661.2488565        5139.9180628421291        4.4659058832262994E-003   7168.6670141642871        6.6788033607271156E-008   1.2695698677567613E-008
   1.1510616523612600        5072523143.8735666        5265.4154695751713        4.3569923310664629E-003   7226.0929000022461        6.5984863872111539E-008   1.3801902356376202E-008
   1.1529140857412821        4908642408.2528143        5391.8433744503945        4.2507322359173951E-003   7281.3835367631236        6.5210032378818462E-008   1.4942037849323378E-008
   1.1547882259249054        4751682744.8462524        5519.1081619334345        4.1470290377080242E-003   7334.4157528284904        6.4463382557719072E-008   1.6104311070296051E-008
   1.1566843272723277        4601309065.8897343        5647.1315731573504        4.0457901099358855E-003   7385.0867523566558        6.3744572021003084E-008   1.7275888783386904E-008
   1.1586026471243398        4457190010.4820166        5775.8546899910361        3.9469268827549992E-003   7433.3173273280163        6.3053063714595950E-008   1.8443362586605334E-008
   1.1605434458372490        4318998528.5144348        5905.2414087983998        3.8503549582116956E-003   7479.0542659522271        6.2388123875850926E-008   1.9593260325557165E-008
   1.1625069868182174        4186412889.1674600        6035.2811949496290        3.7559942071748709E-003   7522.2717937683383        6.1748827138968831E-008   2.0712565663426067E-008
   1.1644935365610096        4059118028.5093613        6165.9909603231063        3.6637688385104095E-003   7562.9719567651828        6.1134068602047492E-008   2.1789205139149659E-008
   1.1665033646821636        3936807127.1360860        6297.4159737717673        3.5736074327133351E-003   7601.1839385306439        6.0542582155713317E-008   2.2812465926147593E-008
   1.1685367439575820        3819183295.8028798        6429.6297947082776        3.4854429344651910E-003   7636.9623851621191        5.9972963937365175E-008   2.3773315963040917E-008
   1.1705939503595535        3705961245.8664093        6562.7332883052659        3.3992126011285718E-003   7670.3848821137899        5.9423699466013913E-008   2.4664609623057052E-008
   1.1726752630942090        3596868831.5896401        6696.8528502054360        3.3148579068267565E-003   7701.5487784539455        5.8893192858864203E-008   2.5481174629630087E-008
   1.1747809646394152        3491648370.8338218        6832.1380069548841        3.2323244042284783E-003   7730.5675818554309        5.8379796535382585E-008   2.6219787539582534E-008
   1.1769113407831122        3390057676.1620960        6968.7585864155508        3.1515615482262151E-003   7757.5671516065431        5.7881839957647774E-008   2.6879054255660530E-008
   1.1790666806621029        3291870756.3942480        7106.9016547734273        3.0725224873151876E-003   7782.6819001575695        5.7397656203054542E-008   2.7459217832778115E-008
   1.1812472768012914        3196878175.7960939        7246.7684007423532        2.9951638294866108E-003   7806.0511814596393        5.6925605472940541E-008   2.7961918148222325E-008
   1.1834534251533890        3104887081.7833605        7388.5711233246229        2.9194453899034859E-003   7827.8160030146764        5.6464094966505415E-008   2.8389927253663929E-008
   1.1856854251390785        3015720930.6323214        7532.5304445948341        2.8453299276062823E-003   7848.1161542739783        5.6011594858225431E-008   2.8746881218186344E-008
   1.1879435796876514        2929218953.4815145        7678.8728310339911        2.7727828780285632E-003   7867.0878017880104        5.5566650382554435E-008   2.9037024931330121E-008
   1.1902281952781248        2845235412.0646334        7827.8284758941509        2.7017720873668211E-003   7884.8615648975347        5.5127890238647953E-008   2.9264981527091310E-008
   1.1925395819808340        2763638695.8251944        7979.6295614314795        2.6322675539313979E-003   7901.5610566911737        5.4694031675466106E-008   2.9435553485752775E-008
   1.1948780534995167        2684310310.3611355        8134.5088982504785        2.5642411805909641E-003   7917.3018539882041        5.4263882707087677E-008   2.9553558508556182E-008
   1.1972439272138891        2607143802.6885252        8292.6989197455969        2.4976665414253416E-003   7932.1908468235379        5.3836341947832693E-008   2.9623700160198446E-008
   1.1996375242227217        2532043662.6622057        8454.4309986762328        2.4325186647590094E-003   7946.3259112042842        5.3410396557244222E-008   2.9650471075788215E-008
   1.2020591693874181        2458924232.9612613        8619.9350452254148        2.3687738339057121E-003   7959.7958474035649        5.2985118757112921E-008   2.9638085155069784E-008
   1.2045091913761059        2387708653.0456839        8789.4393445650294        2.3064094062394767E-003   7972.6805283353724        5.2559661336694475E-008   2.9590434474760013E-008
   1.2069879227082443        2318327855.9078798        8963.1705910780274        2.2454036506215393E-003   7985.0512073111149        5.2133252506466730E-008   2.9511066474125723E-008
   1.2094956997997528        2250719630.5783939        9141.3540798267459        2.1857356027491673E-003   7996.9709406304501        5.1705190401627852E-008   2.9403177150362862E-008
   1.2120328630086714        2184827758.3614006        9324.2140197093267        2.1273849376553062E-003   8008.4950871989849        5.1274837478939267E-008   2.9269616404210674E-008
   1.2145997566813536        2120601226.6976643        9511.9739360620679        2.0703318583421369E-003   8019.6718540612164        5.0841614997179042E-008   2.9112902193444993E-008
   1.2171967291992014        2057993521.3551967        9704.8571370491845        2.0145569993801848E-003   8030.5428630196720        5.0404997724375664E-008   2.8935240706093350E-008
   1.2198241330259478        1996961995.2398465        9903.0872203100953        1.9600413442206117E-003   8041.1437191460782        4.9964508974740468E-008   2.8738550303895072E-008
   1.2224823247554939        1937467310.3921776        10106.888602762632        1.9067661549391341E-003   8051.5045668692837        4.9519716044846323E-008   2.8524487478268185E-008
   1.2251716651603060        1879472948.5812602        10316.487057836113        1.8547129131439842E-003   8061.6506234154767        4.9070226091726291E-008   2.8294473489425209E-008
   1.2278925192403800        1822944785.2052917        10532.110249608319        1.8038632708235955E-003   8071.6026827382166        4.8615682474500698E-008   2.8049720720177852E-008
   1.2306452562727803        1767850720.8682928        10753.988254368014        1.7541990099785210E-003   8081.3775857526925        4.8155761565151881E-008   2.7791258070105340E-008
   1.2334302498617571        1714160364.9234500        10982.354062873277        1.7057020099564275E-003   8090.9886547638098        4.7690170022126010E-008   2.7519954948632120E-008
   1.2362478779894532        1661844765.3953316        11217.444058656656        1.6583542214990683E-003   8100.4460915591835        4.7218642512047959E-008   2.7236543606067513E-008
   1.2390985230672038        1610876179.9452093        11459.498467701029        1.6121376465965016E-003   8109.7573397803135        4.6740939858995572E-008   2.6941639676404345E-008
   1.2419825719874384        1561227882.8852842        11708.761777902801        1.5670343233358671E-003   8118.9274129902496        4.6256847597028026E-008   2.6635760903971416E-008
   1.2449004161761894        1512874003.6384668        11965.483124917922        1.5230263150177404E-003   8127.9591903837045        4.5766174899378263E-008   2.6319344094555174E-008
   1.2478524516462175        1465789392.4496641        12229.916643388042        1.4800957028901769E-003   8136.8536823765862        4.5268753856297784E-008   2.5992760375876789E-008
   1.2508390790507575        1419949509.5728798        12502.321782147086        1.4382245819328642E-003   8145.6102684655998        4.4764439072941707E-008   2.5656328880027945E-008
   1.2538607037378982        1375330334.5612092        12782.963581877737        1.3973950591926762E-003   8154.2269097527196        4.4253107558300013E-008   2.5310328973414632E-008
   1.2569177358055934        1331908292.6668043        13072.112913864070        1.3575892542332874E-003   8162.7003384452228        4.3734658875827777E-008   2.4955011162753133E-008
   1.2600105901573238        1289660195.7132289        13370.046678688650        1.3187893013208057E-003   8171.0262265043730        4.3209015526071737E-008   2.4590606801936591E-008
   1.2631396865584050        1248563195.1308112        13677.047963755454        1.2809773530232471E-003   8179.1993354407841        4.2676123531142439E-008   2.4217336716087552E-008
   1.2663054496929622        1208594745.1371322        13993.406156931858        1.2441355849431711E-003   8187.2136490412922        4.2135953190024883E-008   2.3835418846653502E-008
   1.2695083092215644        1169732574.3112059        14319.417016338002        1.2082462013475721E-003   8195.0624906159628        4.1588499972787322E-008   2.3445075008315531E-008
   1.2727486998395425        1131954664.0463853        14655.382692656260        1.1732914414958047E-003   8202.7386261517368        4.1033785520595876E-008   2.3046536834268050E-008
   1.2760270613359839        1095239232.5762134        15001.611703773206        1.1392535864976935E-003   8210.2343545711738        4.0471858717140969E-008   2.2640050972442146E-008
   1.2793438386534222        1059564723.4545715        15358.418858494944        1.1061149665642519E-003   8217.5415861330530        3.9902796795842284E-008   2.2225883582408237E-008
   1.2826994819482249        1024909797.5354600        15726.125128722593        1.0738579685374344E-003   8224.6519098750960        3.9326706446001232E-008   2.1804324171157511E-008
   1.2860944466516893        991253327.64458442        16105.057467397428        1.0424650436080772E-003   8231.5566508817301        3.8743724880188924E-008   2.1375688795909852E-008
   1.2895291935318538        958574395.26371002        16495.548571559331        1.0119187151492941E-003   8238.2469180784046        3.8154020824596022E-008   2.0940322654209858E-008
   1.2930041887560346        926852288.66557443        16897.936588862889        9.8220158661046098E-004   8244.7136431963881        3.7557795394127212E-008   2.0498602075693153E-008
   1.2965199039540931        896066502.03784835        17312.564766827742        9.5329634942873406E-004   8250.9476115137149        3.6955282814579442E-008   2.0050935925827735E-008
   1.3000768162824472        866196735.22747612        17739.781044483610        9.2518579092742102E-004   8256.9394849648525        3.6346750955663157E-008   1.9597766430103038E-008
   1.3036754084888305        837222893.81908786        18179.937586901240        8.9785280218157017E-004   8262.6798182216517        3.5732501640845126E-008   1.9139569427346809E-008
   1.3073161689778121        809125089.33153951        18633.390262086214        8.7128038583481830E-004   8268.1590683465365        3.5112870702942276E-008   1.8676854061941930E-008
   1.3109995918770827        781883639.38266408        19100.498063600342        8.4545166386051516E-004   8273.3675986644757        3.4488227758353932E-008   1.8210161928554694E-008
   1.3147261771045187        755479067.72772443        19581.622478293324        8.2034988526243145E-004   8278.2956775082348        3.3858975677518097E-008   1.7740065686739969E-008
   1.3184964304360309        729892104.12508082        20077.126804428404        7.9595843371282459E-004   8282.9334725289555        3.3225549734603823E-008   1.7267167168306090E-008
   1.3223108635742098        705103684.02387035        20587.375420888766        7.7226083512712911E-004   8287.2710412869019        3.2588416425556494E-008   1.6792095006136115E-008
   1.3261699942177736        681094948.10093570        21112.733013558827        7.4924076517302485E-004   8291.2983188468133        3.1948071950139729E-008   1.6315501819052112E-008
   1.3300743461318314        657847241.70174301        21653.563761865018        7.2688205671281368E-004   8295.0051031196672        3.1305040360561154E-008   1.5838060993688263E-008
   1.3340244492189679        635342114.25782704        22210.230491474133        7.0516870717364369E-004   8298.3810386849018        3.0659871386201992E-008   1.5360463109888316E-008
   1.3380208395911639        613561318.76634967        22783.093798134214        6.8408488583835433E-004   8301.4155998086135        3.0013137950930729E-008   1.4883412061276144E-008
   1.3420640596425579        592486811.42356372        23372.511149474689        6.6361494104721095E-004   8304.0980733597607        2.9365433406110593E-008   1.4407620927290686E-008
   1.3461546581230583        572100751.50447869        23978.835970346379        6.4374340729703551E-004   8306.4175422835397        2.8717368508575330E-008   1.3933807656225604E-008
   1.3502931902128228        552385501.57581902        24602.416719129695        6.2445501222016509E-004   8308.3628702429432        2.8069568178312023E-008   1.3462690621052592E-008
   1.3544802175976067        533323628.12121278        25243.595961776937        6.0573468342401955E-004   8309.9226879975740        2.7422668075297762E-008   1.2994984111186355E-008
   1.3587163085449960        514897902.64432454        25902.709450485516        5.8756755516788843E-004   8311.0853820198845        2.6777311038628053E-008   1.2531393823017536E-008
   1.3630020379815320        497091303.30029595        26580.085214427785        5.6993897485119920E-004   8311.8390857892064        2.6134143433739391E-008   1.2072612410794825E-008
   1.3673379875707430        479887017.08913803        27276.042669544506        5.5283450928597102E-004   8312.1716741365581        2.5493811455120804E-008   1.1619315156937949E-008
   1.3717247457920867        463268442.62604719        27990.891754405628        5.3623995072452817E-004   8312.0707609489291        2.4856957432330346E-008   1.1172155817323664E-008
   1.3761629080208195        447219193.48518312        28724.932098846362        5.2014132261233128E-004   8311.5237004714145        2.4224216186469736E-008   1.0731762692476189E-008
   1.3806530766088021        431723102.09570903        29478.452232326570        5.0452488503633828E-004   8310.5175923826209        2.3596211482585513E-008   1.0298734970299301E-008
   1.3851958609662500        416764224.15190792        30251.728837718292        4.8937713983942123E-004   8309.0392907585192        2.2973552620784522E-008   9.8736393799913501E-009
   1.3897918776444453        402326843.48424524        31045.026057260409        4.7468483537293512E-004   8307.0754169820520        2.2356831205359275E-008   9.4570071903237658E-009
   1.3944417504194131        388395477.32503116        31858.594855268799        4.6043497086095436E-004   8304.6123766020301        2.1746618126992470E-008   9.0493315786857413E-009
   1.3991461103765830        374954881.89174706        32692.672443701078        4.4661480035206253E-004   8301.6363800964027        2.1143460788337379E-008   8.6510653904241786E-009
   1.4039055959964402        361990058.20365870        33547.481774849628        4.3321183623837208E-004   8298.1334674563641        2.0547880598138349E-008   8.2626193012640713E-009
   1.4087208532411801        349486258.04110748        34423.231105063911        4.2021385232306028E-004   8294.0895364625467        1.9960370753583141E-008   7.8843603888493460E-009
   1.4135925356423795        337428989.95486563        35320.113634450725        4.0760888642256518E-004   8289.4903744943658        1.9381394325133031E-008   7.5166111132482576E-009
   1.4185213043896945        325804025.23240864        36238.307224287099        3.9538524249263187E-004   8284.3216936830868        1.8811382652610058E-008   7.1596487004038194E-009
   1.4235078284205978        314597403.73015887        37177.974196802403        3.8353149227141254E-004   8278.5691691905649        1.8250734056077975E-008   6.8137049172017627E-009
   1.4285527845111674        303795439.48501790        38139.261218061736        3.7203647643696807E-004   8272.2184803765922        1.7699812860110500E-008   6.4789662221799015E-009
   1.4336568573679394        293384726.02380335        39122.299266919006        3.6088930527925086E-004   8265.2553545858391        1.7158948725449820E-008   6.1555742717484243E-009
   1.4388207397208370        283352141.29742211        40127.203691314870        3.5007935889184256E-004   8257.6656132819771        1.6628436278016805E-008   5.8436267585766447E-009
   1.4440451324171897        273684852.17431509        41154.074352267620        3.3959628689104668E-004   8249.4352202255122        1.6108535021632659E-008   5.5431785559610674E-009
   1.4493307445168502        264370318.43694916        42202.995856626476        3.2943000767310002E-004   8240.5503313775498        1.5599469517787813E-008   5.2542431399646225E-009
   1.4546782933884319        255396296.23528445        43274.037878604795        3.1957070722435230E-004   8230.9973462095313        1.5101429813372419E-008   4.9767942597887233E-009
   1.4600885048066681        246750840.96041566        44367.255568625216        3.1000883750062356E-004   8220.7629600690616        1.4614572095361388E-008   4.7107678258583380E-009
   1.4655621130509175        238422309.51132703        45482.690049467259        3.0073511439439370E-004   8209.8342172436951        1.4139019550092999E-008   4.4560639848229067E-009
   1.4710998610048196        230399361.93768308        46620.368997804784        2.9174051531146133E-004   8198.1985643653170        1.3674863403976859E-008   4.2125493508996306E-009
   1.4767025002571201        222670962.44977924        47780.307308105344        2.8301627637882139E-004   8185.8439037690869        1.3222164122061862E-008   3.9800593634156774E-009
   1.4823707912036768        215226379.79564646        48962.507838193487        2.7455388930789531E-004   8172.7586464310771        1.2780952740981764E-008   3.7584007414170383E-009
   1.4881055031506623        208055187.01246059        50166.962230502351        2.6634509793740170E-004   8158.9317640864701        1.2351232313222191E-008   3.5473540073140114E-009
   1.4939074144189746        201147260.56629413        51393.651808400144        2.5838189448111620E-004   8144.3528401410022        1.1932979440401852E-008   3.3466760530132075E-009
   1.4997773124498708        194492778.90021926        52642.548540140160        2.5065651550626591E-004   8129.0121189815536        1.1526145874306720E-008   3.1561027235548831E-009
   1.5057159939118405        188082220.41529274        53913.616068125091        2.4316143766757694E-004   8112.9005532910751        1.1130660165614345E-008   2.9753513949728711E-009
   1.5117242648087301        181906360.91353077        55206.810796328296        2.3588937322276620E-004   8096.0098489897728        1.0746429341679117E-008   2.8041235249535041E-009
   1.5178029405891342        175956270.53485328        56522.083030932292        2.2883326535409334E-004   8078.3325074237810        1.0373340596241148E-008   2.6421071566855918E-009
   1.5239528462570693        170223310.22260833        57859.378167502691        2.2198628332060883E-004   8059.8618644499147        1.0011262975518221E-008   2.4889793582225935E-009
   1.5301748164839442        164699127.75368181        59218.637917284701        2.1534181746426129E-004   8040.5921260673731        9.6600490467506477E-009   2.3444085815147741E-009
   1.5364696957218431        159375653.37058824        60599.801567066548        2.0889347409312335E-004   8020.5184002936203        9.3195365369067984E-009   2.2080569272018615E-009
   1.5428383383181337        154245095.05299598        62002.807262421673        2.0263507026329437E-004   7999.6367249897621        8.9895499308459143E-009   2.0795823030370903E-009
   1.5492816086314218        149299933.46604407        63427.593309429249        1.9656062848010569E-004   7977.9440913838280        8.6699020197719983E-009   1.9586404656317307E-009
   1.5558003811488623        144532916.62242734        64874.099484366467        1.9066437133869997E-004   7955.4384630786635        8.3603953923170079E-009   1.8448869369585901E-009
   1.5623955406048453        139937054.29394078        66342.268344869342        1.8494071612216756E-004   7932.1187903643822        8.0608238619600418E-009   1.7379787887149909E-009
   1.5690679821010738        135505612.20717534        67832.046533669549        1.7938426937497539E-004   7907.9850197087790        7.7709738258163124E-009   1.6375762892919438E-009
   1.5758186112280470        131232106.05636354        69343.386066955412        1.7398982146782342E-004   7883.0380983370014        7.4906255510226099E-009   1.5433444096349563E-009
   1.5826483441879682        127110295.36472763        70876.245599600181        1.6875234116910004E-004   7857.2799738657141        7.2195543860494597E-009   1.4549541857785306E-009
   1.5895581079190932        123134177.22394629        72430.591659637983        1.6366697023709900E-004   7830.7135890067957        6.9575318952727991E-009   1.3720839372505570E-009
   1.5965488402215344        119297979.93932801        74006.399844272775        1.5872901804579856E-004   7803.3428714003985        6.7043269160231552E-009   1.2944203418706328E-009
   1.6036214898845409        115596156.60653144        75603.655971734086        1.5393395625631104E-004   7775.1727186974922        6.4597065381279585E-009   1.2216593687322518E-009
   1.6107770168152686        112023378.64357348        77222.357180800987        1.4927741354464605E-004   7746.2089790451464        6.2234370066506993E-009   1.1535070723079942E-009
   1.6180163921690598        108574529.30014078        78862.512975067730        1.4475517039586885E-004   7716.4584271895628        5.9952845491338127E-009   1.0896802517048827E-009
   1.6253405984812499        105244697.16437662        80524.146203899407        1.4036315397363916E-004   7685.9287364463726        5.7750161291679995E-009   1.0299069800620332E-009
   1.6327506298005168        102029169.68543078        82207.293978794070        1.3609743307297937E-004   7654.6284468247122        5.5624001285300389E-009   9.7392700994960638E-010
   1.6402474918237957        98923426.728630200        83912.008519569412        1.3195421316379211E-004   7622.5669296377264        5.3572069605019721E-009   9.2149206139867521E-010
   1.6478322020327727        95923134.178352416        85638.357929139107        1.2792983153128815E-004   7589.7543489500758        5.1592096172556467E-009   8.7236599982766946E-010
   1.6555057898319780        93024137.602369502        87386.426894567339        1.2402075251912229E-004   7556.2016202430204        4.9681841544232277E-009   8.2632491166937068E-010
   1.6632692966884983        90222455.989950761        89156.317313490610        1.2022356288001425E-004   7521.9203666988578        4.7839101161240550E-009   7.8315708591318563E-010
   1.6711237762733262        87514275.574866652        90948.148846534066        1.1653496723821349E-004   7486.9228735127654        4.6061709038521957E-009   7.4266291007387543E-010
   1.6790702946043632        84895943.753169239        92762.059395276403        1.1295178366729331E-004   7451.2220406546230        4.4347540926802753E-009   7.0465468927696034E-010
   1.6871099301911037        82363963.104573026        94598.205508838320        1.0947093938622684E-004   7414.8313344959870        4.2694516982753633E-009   6.6895639721605140E-010
   1.6952437741810102        79914985.525323883        96456.762719926686        1.0608946657621203E-004   7377.7647387201214        4.1100603982146459E-009   6.3540336769778070E-010
   1.7034729305076044        77545806.479418799        98337.925814372429        1.0280449831996461E-004   7340.0367049159222        3.9563817110468052E-009   6.0384193534348012E-010
   1.7117985160402944        75253359.374279618        100241.90903695849        9.9613264664857450E-005   7301.6621032445191        3.8082221364877439E-009   5.7412903378214261E-010
   1.7202216607359584        73034710.066159904        102168.94623821593        9.6513088810755193E-005   7262.6561735473688        3.6653932600505113E-009   5.4613175934774724E-010
   1.7287435077923017        70887051.499847844        104119.29096605202        9.3501383422913738E-005   7223.0344772383842        3.5277118253057960E-009   5.1972690789939925E-010
   1.7373652138030145        68807698.486491963        106093.21650767754        9.0575647069854478E-005   7182.8128502945810        3.3949997768465896E-009   4.9480049192584314E-010
   1.7460879489147441        66794082.622794360        108091.01588660789        8.7733460785843152E-005   7142.0073576352761        3.2670842768999569E-009   4.7124724458995978E-010
   1.7549128969859105        64843747.354191147        110113.00182029491        8.4972484757174938E-005   7100.6342491420783        3.1437976983875358E-009   4.4897011682200442E-010
   1.7638412557473795        62954343.184014618        112159.50664349775        8.2290455131076801E-005   7058.7099175434851        3.0249775970803267E-009   4.2787977299725621E-010
   1.7728742369650203        61123623.030131936        114230.88220340139        7.9685180945783361E-005   7016.2508583502131        2.9104666653443041E-009   4.0789409014545785E-010
   1.7820130666041674        59349437.730065927        116327.49973152143        7.7154541180131890E-005   6973.2736320021886        2.8001126698140451E-009   3.8893766504659327E-010
   1.7912589849960097        57629731.695020169        118449.74969756996        7.4696481920554953E-005   6929.7948283420319        2.6937683751710107E-009   3.7094133297709839E-010
   1.8006132470059297        55962538.712876014        120598.04165126172        7.2309013643331651E-005   6885.8310335106262        2.5912914560476073E-009   3.5384170129769083E-010
   1.8100771222038166        54345977.899748549        122772.80405577285        6.9990208609670986E-005   6841.3987993224464        2.4925443989229425E-009   3.3758070051978867E-010
   1.8196518950363703        52778249.799259521        124974.48411859492        6.7738198370948121E-005   6796.5146151479912        2.3973943957208221E-009   3.2210515496192918E-010
   1.8293388650014306        51257632.628325671        127203.54762381435        6.5551171381321972E-005   6751.1948823049661        2.3057132306744409E-009   3.0736637461613378E-010
   1.8391393468243453        49782478.667931728        129460.47876945567        6.3427370714888028E-005   6705.4558909382768        2.2173771618803153E-009   2.9331976939009470E-010
   1.8490546706364066        48351210.796964504        131745.78001367897        6.1365091884310523E-005   6659.3137993424170        2.1322667988239166E-009   2.7992448647620531E-010
   1.8590861821553766        46962319.166844606        134059.97193349828        5.9362680757693982E-005   6612.7846156540363        2.0502669770273647E-009   2.6714307122606313E-010
   1.8692352428681309        45614358.014540628        136403.59309922360        5.7418531570719501E-005   6565.8841818453711        1.9712666308506978E-009   2.5494115158190776E-010
   1.8795032302154406        44305942.611084349        138777.19996544626        5.5531085030566288E-005   6518.6281599100612        1.8951586653525159E-009   2.4328714582743222E-010
   1.8898915377789196        43035746.342624649        141181.36678290757        5.3698826508455080E-005   6471.0320201405721        1.8218398280127193E-009   2.3215199317799787E-010
   1.9004015754701622        41802497.920787551        143616.68553129269        5.1920284317500022E-005   6423.1110313810923        1.7512105810149604E-009   2.2150890652518870E-010
   1.9110347697221002        40604978.718912996        146083.76587550322        5.0194028072531422E-005   6374.8802531326164        1.6831749746909426E-009   2.1133314648430544E-010
   1.9217925636825970        39442020.230611809        148583.23514555587        4.8518667128630074E-005   6326.3545293839734        1.6176405226437479E-009   2.0160181576306246E-010
   1.9326764174103148        38312501.646918543        151115.73834143364        4.6892849095056626E-005   6277.5484840398176        1.5545180789840337E-009   1.9229367277116802E-010
   1.9436878080728746        37215347.548255071        153681.93816306820        4.5315258421375311E-005   6228.4765178149264        1.4937217180442380E-009   1.8338896332235771E-010
   1.9548282301473388        36149525.707315877        156282.51506556474        4.3784615052593281E-005   6179.1528064678168        1.4351686168677019E-009   1.7486926923793835E-010
   1.9660991956230438        35114044.998932473        158918.16733955769        4.2299673150172020E-005   6129.5913002459365        1.3787789407106622E-009   1.6671737264169064E-010
   1.9775022342068076        34107953.412951916        161589.61121645113        4.0859219875865158E-005   6079.8057244184638        1.3244757317433917E-009   1.5891713473687476E-010
   1.9890388935305450        33130336.166144811        164297.58099776466        3.9462074235398477E-005   6029.8095807791233        1.2721848010881229E-009   1.5145338787365788E-010
   2.0007107393613111        32180313.909169130        167042.82920809434        3.8107085979092965E-005   5979.6161500050384        1.2218346242908665E-009   1.4431183974694926E-010
   2.0125193558138115        31257041.024631713        169826.12677036782        3.6793134556595200E-005   5929.2384947623414        1.1733562402870025E-009   1.3747898860745335E-010
   2.0244663455653980        30359704.012347493        172648.26320301101        3.5519128123006646E-005   5878.6894634583523        1.1266831538895358E-009   1.3094204842064441E-010
   2.0365533300735867        29487519.957948919        175510.04683699997        3.4284002593780184E-005   5827.9816945458388        1.0817512418012925E-009   1.2468888296658433E-010
   2.0487819497961235        28639735.081034657        178412.30505216189        3.3086720745789712E-005   5777.1276212855018        1.0384986621281481E-009   1.1870794793609327E-010
   2.0611538644136282        27815623.359211762        181355.88453168771        3.1926271362232380E-005   5726.1394768946093        9.9686576735316480E-010   1.1298824014510274E-010
   2.0736707530548486        27014485.224374440        184341.65153167694        3.0801668418923366E-005   5675.0292999967787        9.5679502071222607E-010   1.0751925305509180E-010
   2.0863343145245539        26235646.327711497        187370.49216721664        2.9711950309729807E-005   5623.8089403048016        9.1823091589895268E-010   1.0229093785480402E-010
   2.0991462675340973        25478456.370092809        190443.31271058784        2.8656179109092834E-005   5572.4900644803893        8.8111990001900315E-010   9.7293669424699199E-011
   2.1121083509346823        24742287.994492471        193561.03990185747        2.7633439869471408E-005   5521.0841621045402        8.4541029970038512E-010   9.2518216568584190E-011
   2.1252223239533592        24026535.737307753        196724.62126995152        2.6642839951806174E-005   5469.6025517098751        8.1105225026396119E-010   8.7955715958807486E-011
   2.1384899664317922        23330615.035500292        199935.02546206137        2.5683508387095454E-005   5418.0563868259096        7.7799762785059081E-010   8.3597649299052165E-011
   2.1519130790678189        22653961.286659237        203193.24258143725        2.4754595267353517E-005   5366.4566619958432        7.4619998440146235E-010   7.9435823263695872E-011
   2.1654934836598443        21996028.959159017        206500.28452946851        2.3855271164232857E-005   5314.8142187254971        7.1561448538311273E-010   7.5462351823120833E-011
   2.1792330233540960        21356290.749705322        209857.18535373957        2.2984726573669094E-005   5263.1397513235897        6.8619785014889179E-010   7.1669640611237328E-011
   2.1931335628947797        20734236.785753570        213265.00159789599        2.2142171385119163E-005   5211.4438126105733        6.5790829483087446E-010   6.8050373034889046E-011
   2.2071969888771612        20129373.870309699        216724.81265325414        2.1326834373878835E-005   5159.7368194610026        6.3070547765361411E-010   6.4597497863181475E-011
   2.2214252100036194        19541224.766789589        220237.72111037950        2.0537962715126724E-005   5108.0290581512500        6.0455044656527363E-010   6.1304218070364277E-011
   2.2358201573426966        18969327.521732368        223804.85310949464        1.9774821518436053E-005   5056.3306894945390        5.7940558908301701E-010   5.8163980737489166E-011
   2.2503837845911852        18413234.823250543        227427.35868742905        1.9036693381518426E-005   5004.6517537367454        5.5523458425224673E-010   5.5170467846044104E-011
   2.2651180683392846        17872513.393215507        231106.41212118929        1.8322877962053673E-005   4953.0021751953527        5.3200235662157941E-010   5.2317587821678960E-011
   2.2800250083388676        17346743.411282174        234843.21226501217        1.7632691566528995E-005   4901.3917666230382        5.0967503213923158E-010   4.9599467708026167E-011
   2.2951066277748877        16835517.968948144        238638.98288150292        1.6965466755059893E-005   4849.8302332787744        4.8821989587924516E-010   4.7010445869653551E-011
   2.3103649735399681        16338442.551947726        242494.97296344695        1.6320551961247229E-005   4798.3271766930047        4.6760535150985005E-010   4.4545065139821711E-011
   2.3258021165122065        15855134.549361747        246412.45704713371        1.5697311126160482E-005   4746.8920981141428        4.4780088241908948E-010   4.2198066342922801E-011
   2.3414201518362390        15385222.787919093        250392.73551350326        1.5095123345606561E-005   4695.5344016233430        4.2877701441719851E-010   3.9964382133776922E-011
   2.3572211992075953        14928347.090032849        254437.13487837889        1.4513382529875780E-005   4644.2633969080152        4.1050527993752576E-010   3.7839131106285307E-011
   2.3732074031603845        14484157.854218889        258547.00806780453        1.3951497075241356E-005   4593.0883016871085        3.9295818366269859E-010   3.5817612132885561E-011
   2.3893809333583533        14052315.656590179        262723.73467972915        1.3408889546495867E-005   4542.0182437802669        3.7610916950482433E-010   3.3895298903499663E-011
   2.4057439848893556        13632490.872214360        266968.72122816049        1.2884996369885600E-005   4491.0622628173724        3.5993258887292596E-010   3.2067834638955382E-011
   2.4222987785632730        13224363.315162059        271283.40137091681        1.2379267535804663E-005   4440.2293115823877        3.4440367016299251E-010   3.0331026958833391E-011
   2.4390475612134233        12827621.896178961        275669.23611762439        1.1891166310713545E-005   4389.5282569946339        3.2949848941087509E-010   2.8680842888098968E-011
   2.4559926060015052        12441964.296936722        280127.71401780867        1.1420168957723152E-005   4338.9678807254759        3.1519394204985794E-010   2.7113403990104200E-011
   2.4731362127261121        12067096.659894144        284660.35132701288        1.0965764465349743E-005   4288.5568794529172        3.0146771571858777E-010   2.5624981616416534E-011
   2.4904807081348639        11702733.292858252        289268.69215030456        1.0527454283979743E-005   4238.3038647578715        2.8829826406813870E-010   2.4211992266156270E-011
   2.5080284462401967        11348596.387386281        293954.30856078700        1.0104752069615048E-005   4188.2173626698250        2.7566478151957592E-010   2.2870993049279061E-011
   2.5257818086388495        11004415.750207907        298718.80069281114        9.6971834344779349E-006   4138.3058128651937        2.6354717892604110E-010   2.1598677249577901E-011
   2.5437432048350996        10669928.546919512        303563.79680783499        9.3042857041222606E-006   4088.5775675322197        2.5192606009660332E-010   2.0391869984355889E-011
   2.5619150725677793        10344879.057228310        308490.95333162200        8.9256076806926905E-006   4039.0408899121639        2.4078269914109474E-010   1.9247523958456428E-011
   2.5802998781411315        10029018.441071190        313501.95486182254        8.5607094120049830E-006   3989.7039525300856        2.3009901859766534E-010   1.8162715310971942E-011
   2.5989001167595394        9722104.5149723254        318598.51414415438        8.2091619661394720E-006   3940.5748351286525        2.1985756830710695E-010   1.7134639553398579E-011
   2.6177183128661730        9423901.5380584672        323782.37201700808        7.8705472112848137E-006   3891.6615223260378        2.1004150500056299E-010   1.6160607598384220E-011
   2.6367570204856152        9134180.0071770921        329055.29732108710        7.5444576005676813E-006   3842.9719010156059        2.0063457256907192E-010   1.5238041878386276E-011
   2.6560188235704958        8852716.4605879467        334419.08677604533        7.2304959616087767E-006   3794.5137575238518        1.9162108298504635E-010   1.4364472553663122E-011
   2.6755063363521829        8579293.2897648923        339875.56482013129        6.9282752906047639E-006   3746.2947745510774        1.8298589784874930E-010   1.3537533809216109E-011
   2.6952222036955957        8313698.5588490348        345426.58341436012        6.6374185507094764E-006   3698.3225279140265        1.7471441053353952E-010   1.2754960240221433E-011
   2.7151691014581623        8055725.8313484564        351074.02180833928        6.3575584745323761E-006   3650.6044831130421        1.6679252890628608E-010   1.2014583325574875E-011
   2.7353497368529940        7805174.0036894633        356819.78626882506        6.0883373705582579E-006   3603.1479917432202        1.5920665860011574E-010   1.1314327989072692E-011
   2.7557668488163105        7561847.1452723388        362665.80976886954        5.8294069333324741E-006   3555.9602877747870        1.5194368681873928E-010   1.0652209247775819E-011
   2.7764232083791693        7325554.3446860574        368614.05163794867        5.5804280572330692E-006   3509.0484837196273        1.4499096665227173E-010   1.0026328946968020E-011
   2.7973216190435539        7096109.5617836611        374666.49717252434        5.3410706536955747E-006   3462.4195667102922        1.3833630188622648E-010   9.4348725811277645E-012
   2.8184649171628680        6873331.4853247609        380825.15720534988        5.1110134717401028E-006   3416.0803945108578        1.3196793228604865E-010   8.8761062002066098E-012
   2.8398559723268875        6657043.3959126091        387092.06763535831        4.8899439216624238E-006   3370.0376914798262        1.2587451934055075E-010   8.3483734004421089E-012
   2.8614976877512253        6447073.0339822061        393469.28891464532        4.6775579017705895E-006   3324.2980445079243        1.2004513244882334E-010   7.8500923988878418E-012
   2.8833930006713566        6243252.4725961285        399958.90549568599        4.4735596280347507E-006   3278.8678989479272        1.1446923553554464E-010   7.3797531907262174E-012
   2.9055448827412675        6045417.9948449470        406563.02523433632        4.2776614665529722E-006   3233.7535545593150        1.0913667408107977E-010   6.9359147884259011E-012
   2.9279563404367659        5853409.9756312035        413283.77875252365        4.0895837687026648E-006   3188.9611614788159        1.0403766255259678E-010   6.5172025416575753E-012
   2.9506304154635270        5667072.7676699664        420123.31875677418        3.9090547089024187E-006   3144.4967162420899        9.9162772224027917E-011   6.1223055369221625E-012
   2.9735701851699146        5486254.5915228846        427083.81931537797        3.7358101248772083E-006   3100.3660578667173        9.4502919372705387E-011   5.7499740757166364E-012
   2.9967787629646434        5310807.4295061827        434167.47509229783        3.5695933603428156E-006   3056.5748640151614        9.0049353841098078E-011   5.3990172300390229E-012
   3.0202592987393335        5140586.9233239815        441376.50054219930        3.4101551100289266E-006   3013.1286472495381        8.5793647952818452E-011   5.0683004739901138E-012
   3.0440149792960152        4975452.2753075156        448713.12906309776        3.2572532669867640E-006   2970.0327514031496        8.1727685772615204E-011   4.7567433902178418E-012
   3.0680490287796482        4815266.1531090420        456179.61211459851        3.1106527720877098E-006   2927.2923480723057        7.7843652699798173E-011   4.4633174498312379E-012
   3.0923647091157052        4659894.5977579774        463778.21829985530        2.9701254656793485E-006   2884.9124332561751        7.4134025385790456E-011   4.1870438644752246E-012
   3.1169653204528789        4509206.9349586284        471511.23241864040        2.8354499413306251E-006   2842.8978241562904        7.0591561966131409E-011   3.9269915091536231E-012
   3.1418542016109887        4363075.6895362465        479380.95449180796        2.7064114016245638E-006   2801.2531561578157        6.7209292597915587E-011   3.6822749144001339E-012
   3.1670347305341240        4221376.5029133214        487389.69876613817        2.5828015159288984E-006   2759.9828800014930        6.3980510293285021E-011   3.4520523263186807E-012
   3.1925103247491031        4083988.0535419374        495539.79269906384        2.4644182801196518E-006   2719.0912591732176        6.0898762040631745E-011   3.2355238330669377E-012
   3.2182844418293040        3950791.9801745336        503833.57592910802        2.3510658781867986E-006   2678.5823675182928        5.7957840204371863E-011   3.0319295562574151E-012
   3.2443605798639292        3821672.8078702698        512273.39923368575        2.2425545456683608E-006   2638.4600870909121        5.5151774194683272E-011   2.8405479057684503E-012
   3.2707422779327717        3696517.8766329307        520861.62347462238        2.1387004348594992E-006   2598.7281062482925        5.2474822398698805E-011   2.6606938964476857E-012
   3.2974331165865394        3575217.2725682878        529600.61852835631        2.0393254817373402E-006   2559.3899179926070        4.9921464364681371E-011   2.4917175251771447E-012
   3.3244367183328127        3457663.7614297532        538492.76220004004        1.9442572745290102E-006   2520.4488185515124        4.7486393230598607E-011   2.3330022067487080E-012
   3.3517567481276958        3343752.7244487051        547540.43911521998        1.8533289238806429E-006   2481.9079061988818        4.5164508389227608E-011   2.1839632670498401E-012
   3.3793969138732258        3233382.0963157583        556746.03958391619        1.7663789345600548E-006   2443.7700802969630        4.2950908381630521E-011   2.0440464920272233E-012
   3.4073609669206157        3126452.3051937278        566111.95844323258        1.6832510786498888E-006   2406.0380405506335        4.0840884011290606E-011   1.9127267309371145E-012
   3.4356527025793899        3022866.2146005803        575640.59387360897        1.6037942701412196E-006   2368.7142864183693        3.8829911670885453E-011   1.7895065523474404E-012
   3.4642759606324871        2922529.0670968466        585334.34624668688        1.5278624409700072E-006   2331.8011167232867        3.6913646875166810E-011   1.6739149515239566E-012
   3.4932346258574021        2825348.4292328027        595195.61698427750        1.4553144180184988E-006   2295.3006290849466        3.5087917986788619E-011   1.5655061072237740E-012
   3.5225326285534266        2731234.1381118614        605226.80779734731        1.3860138017187552E-006   2259.2147197157096        3.3348720134188784E-011   1.4638581872297904E-012
   3.5521739450750793        2640098.2466328065        615430.31991572573        1.3198288432574478E-006   2223.5450809559729        3.1692209276612911E-011   1.3685721978429211E-012
   3.5821625983717778        2551854.9715202278        625808.55566080404        1.2566323258290062E-006   2188.2932015860706        3.0114696460735197E-011   1.2792708819040470E-012
   3.6125026585338365        2466420.6290655001        636363.91746255034        1.1963014328161715E-006   2153.4603529711831        2.8612642085091971E-011   1.1955976461041998E-012
   3.6431982433448655        2383713.6147374017        647098.81415604008        1.1387176624064175E-006   2119.0476173624343        2.7182650897886678E-011   1.1172155807866511E-012
   3.6742535188406387        2303654.4666884802        658015.59158144216        1.0837667780168779E-006   2085.0559186989744        2.5821468774880262E-011   1.0438065814620339E-012
   3.7056726998745133        2226167.2131989356        669116.21380305267        1.0313398165587660E-006   2051.4870060018679        2.4525998071358669E-011   9.7507169808867719E-013
   3.7374600506894740        2151186.0837779315        680399.83751134621        9.8133783695189399E-007   2018.3475199211493        2.3293394627695790E-011   9.1073591607057911E-013
   3.7696198854968794        2078617.1905239245        691875.12550920853        9.3364316478145865E-007   1985.6253783513278        2.2120482024775084E-011   8.5051354389659505E-013
   3.8021565690619914        2008395.7209861479        703542.31068594544        8.8816256313496301E-007   1953.3248937142203        2.1004622517903534E-011   7.9415885006583928E-013
   3.8350745172963681        1940453.6143097479        715403.11542443954        8.4480250161864270E-007   1921.4471943218987        1.9943213814858178E-011   7.4143568142845225E-013
   3.8683781978571918        1874724.4371764613        727459.34644314903        8.0347287945990511E-007   1889.9933983137782        1.8933759677647401E-011   6.9212126267972287E-013
   3.9020721307536261        1811139.0237681116        739714.02002880012        7.6408358882485031E-007   1858.9608828743098        1.7973810388176768E-011   6.4600217061390693E-013
   3.9361608889602739        1749640.3004453299        752167.41378061054        7.2655583550119103E-007   1828.3557225993566        1.7061153976911529E-011   6.0288529884871179E-013
   3.9706490990378316        1690144.9785228949        764827.04047014075        6.9079271136810013E-007   1798.1589549289663        1.6193325020912785E-011   5.6256821567044493E-013
   4.0055414417610056        1632645.6433745329        777681.38339447719        6.5675711632742798E-007   1768.4206734407146        1.5368866976713563E-011   5.2491367863439749E-013
   4.0408426527537920        1576937.7013894767        790769.24579901982        6.2426369966854556E-007   1738.9969473271631        1.4584035902031733E-011   4.8965404336500018E-013
   4.0765575231322035        1522847.6209747691        804244.17419577797        5.9313213742172372E-007   1709.6882457124179        1.3835979448767140E-011   4.5655540063690867E-013
   4.1125850510704227        1470028.6559311596        818107.72103589645        5.6303269015364590E-007   1680.0045825368900        1.3120441107963216E-011   4.2528216662152804E-013
   4.1487172021197294        1420172.8243863555        832130.83111447457        5.3516688370021526E-007   1651.7386396147620        1.2455367349208312E-011   3.9680576536389141E-013
   4.1848493531690352        1370316.9928415513        846153.94119305268        5.0730107724678441E-007   1621.5506485148853        1.1807578821616513E-011   3.6916432619483562E-013
   4.2209815042183418        1320461.1612967469        860177.05127163080        4.7943527079335367E-007   1589.2244987119011        1.1177437565990564E-011   3.4236445514400309E-013
