  0.99980671869799431        9407334368806.6660        3354617.7265129643        592655957011.41809        6319555.5342158778        8.7463098415182614        3.0289735592477038E-301
   1.0000000000000000        9407334330901.1211        3392523.1168854646        592655892691.83142        6383874.9785357621        8.9273359034292969        3.2012165507675065E-301
   1.0001932813020056        9246956810924.8906        3413789.9357746895        582552075765.08643        6418382.7921604468        9.1755855257631858        3.0289737884941637E-301
   1.0003865626040114        8980199678481.4160        3417523.5920151859        565746374752.55640        6420286.3046616539        9.4466914638477153        2.1738888417014848E-309
   1.0005798439060170        8733070062724.8438        3422642.8657430457        550177204825.66846        6424742.7688981462        9.7205739061024037        3.0289739663577960E-301
   1.0007731252080228        8500292058426.7373        3427875.8916583518        535512186341.93506        6429285.1673758887        9.9944434658671746        3.0289741916517308E-301
   1.0009664065100283        8288550379767.3799        3433893.4209174346        522172455201.51495        6435048.9290550863        10.262819168611463        3.0289739545002207E-301
   1.0011596878120339        8101499907534.2227        3440911.0437013633        510388268626.48315        6442315.0020149024        10.519959226423087        3.2012646134735339E-301
   1.0013529691140397        7938428090960.4346        3449054.1397931506        500114735715.53845        6451294.6248903153        10.764437972060987        3.0289737015386099E-301
   1.0015462504160453        7794843770301.8018        3458152.3792664381        491068913667.17078        6461714.5043470087        10.998326842901809        2.1424442747759537E-301
   1.0017395317180511        7665027120969.5693        3467945.0011986666        482890453921.36768        6473169.0538459336        11.225723592758554        0.0000000000000000     
   1.0019328130200567        7543805032836.5850        3478160.1020390177        475253450948.75922        6485232.5978902699        11.450901847628060        3.0289755908456398E-301
   1.0021260943220622        7427558540237.0059        3488597.2428755192        467929910211.88483        6497592.9919982422        11.677163993359281        0.0000000000000000     
   1.0023193756240680        7314255960566.7021        3499138.1927213706        460791835883.44110        6510066.1399995731        11.906511931549419        0.0000000000000000     
   1.0025126569260736        7202995834929.8506        3509729.4445548281        453782436132.52863        6522568.8946777554        12.139917500203339        0.0000000000000000     
   1.0027059382280794        7093475311497.3467        3520353.3421173384        446882631320.48596        6535073.6570974896        12.377760106364990        2.1424457134951145E-301
   1.0028992195300850        6985626433327.2695        3531007.1436418765        440088140164.62671        6547575.9078836478        12.620171066293629        3.0289755908456398E-301
   1.0030925008320906        6879438975715.0469        3541691.9817997217        433398318506.64429        6560077.0759788388        12.867215981953608        0.0000000000000000     
   1.0032857821340964        6774902149147.5000        3552409.0525685274        426812486606.31067        6572578.6759881889        13.118960812824106        2.9643938750474793E-310
   1.0034790634361019        6671996194085.4014        3563158.9590539499        420329399611.69849        6585081.3009039685        13.375483353681192        4.9406564584124654E-311
   1.0036723447381077        6570696476045.6797        3573941.9478335828        413947505550.58820        6597584.9924331829        13.636869345240839        3.0289735750578046E-301
   1.0038656260401133        6470977106472.9668        3584758.1438511461        407665173444.08197        6610089.6027124636        13.903208282601627        0.0000000000000000     
   1.0040589073421189        6372812362378.7734        3595607.6495662555        401480782744.05823        6622594.9469529875        14.174591652906459        0.0000000000000000     
   1.0042521886441247        6276176895780.3994        3606490.5599768073        395392736527.80505        6635100.8263775809        14.451112685234143        0.0000000000000000     
   1.0044454699461303        6181045588532.4707        3617406.9508169345        389399452352.42627        6647607.0103698121        14.732866621675724        0.0000000000000000     
   1.0046387512481361        6087393351666.8799        3628356.8601999520        383499349613.23053        6660113.2088244976        15.019951128259780        0.0000000000000000     
   1.0048320325501416        5995194938215.7051        3639340.2689534640        377690837751.62439        6672619.0428435151        15.312466753503662        0.0000000000000000     
   1.0050253138521472        5904424780430.1172        3650357.0805464382        371972305999.95264        6685124.0151278032        15.610517416676979        0.0000000000000000     
   1.0052185951541530        5815056875212.7578        3661407.1029652464        366342116163.68860        6697627.4836453870        15.914210879211602        0.0000000000000000     
   1.0054118764561586        5727064780035.4434        3672490.0387735306        360798602364.16479        6710128.6479202174        16.223659065005840        0.0000000000000000     
   1.0056051577581644        5640421755694.8506        3683605.4882933684        355340080032.87097        6722626.5552181983        16.538978113178068        0.0000000000000000     
   1.0057984390601700        5555101091329.9473        3694752.9715279168        349964866386.27008        6735120.1347547015        16.860288023116301        0.0000000000000000     
   1.0059917203621755        5471076592571.1328        3705931.9699750319        344671311180.27704        6747608.2613354446        17.187711840727516        0.0000000000000000     
   1.0061850016641813        5388323175079.7236        3717141.9856183999        339457834102.59326        6760089.8438662877        17.521374419559585        0.0000000000000000     
   1.0063782829661869        5306817461982.7832        3728382.6091947528        334322962411.22992        6772563.9265742945        17.861400913977686        0.0000000000000000     
   1.0065715642681929        5226538266434.6680        3739653.5863972763        329265361335.57471        6785029.7857438996        18.207915256056147        3.0289735750578046E-301
   1.0067648455701994        5147466852730.9482        3750954.8697470552        324283850526.63049        6797487.0036685411        18.561038910547008        0.0000000000000000     
   1.0069581268722083        5069586913518.9199        3762286.6464108997        319377402621.27081        6809935.5055856043        18.920890165796273        0.0000000000000000     
   1.0071514081742272        4992884259090.7568        3773649.3369515492        314545123667.78894        6822375.5525765456        19.287584120204464        0.0000000000000000     
   1.0073446894762856        4917346273465.3584        3785043.5661260867        309786218858.68329        6834807.6927196821        19.661233388316401        0.0000000000000000     
   1.0075379707785026        4842961210429.1543        3796470.1091623460        305099948181.93658        6847232.6760670906        20.041949477633022        0.0000000000000000     
   1.0077312520813539        4769717393964.2852        3807929.8181400285        300485576047.56561        6859651.3410972534        20.429844788755979        0.0000000000000000     
   1.0079245333867424        4697602386460.0723        3819423.5315575595        295942318885.37604        6872064.4768261174        20.825035135631239        0.0000000000000000     
   1.0081178147022793        4626602253621.2881        3830951.9872958409        291469298834.18536        6884472.6933217710        21.227642521699984        0.0000000000000000     
   1.0083110960584103        4556701073065.4629        3842515.7477044514        287065512783.69305        6896876.3075011605        21.637797577800285        0.0000000000000000     
   1.0085043775769169        4487880889442.7529        3854115.2240282209        282729829546.71619        6909275.3917171396        22.055641472733797        0.0000000000000000     
   1.0086976597449264        4420122131464.4365        3865750.7776467665        278461016132.17480        6921669.9079600163        22.481326579055683        0.0000000000000000     
   1.0088909445109475        4353405869687.0137        3877423.6702975240        274257879983.86716        6934061.2113735955        22.915017003746406        0.0000000000000000     
   1.0090842396690147        4287716035279.7974        3889138.0047490653        270119408760.13864        6946454.8203892363        23.356898200568676        7.9050503334599447E-310
   1.0092775763952666        4223038637801.4673        3900909.8302565464        266044721040.40897        6958874.5943224858        23.807280922796007        3.2015348075998658E-301
   1.0094710793942565        4159321759655.6616        3912789.1422958509        262030545945.68997        6971394.0546260383        24.267066646108567        1.8774494541967369E-309
   1.0096652474841998        4096395830071.3501        3924847.7214651727        258066200427.69171        6984107.4753375473        24.738105107963953        3.0289739307850697E-301
   1.0098609435033683        4034013584340.9434        3937122.6053426191        254136106784.86557        6997042.1053933101        25.222450600457400        2.1219957860246158E-301
   1.0100587877961285        3972012527616.4253        3949610.8894757391        250230027870.69852        7010168.9042436602        25.721421412450944        2.1219957860246158E-301
   1.0102589504271631        3910353813148.0332        3962311.1523886127        246345516351.96970        7023475.7192311725        26.235761989715513        0.0000000000000000     
   1.0104614585627469        3849034330230.7148        3975229.7958827931        242482376249.23972        7036968.0043192729        26.766149388218473        0.0000000000000000     
   1.0106663396874889        3788045953574.2539        3988371.7133093355        238640095667.00516        7050648.2603030400        27.313310491288885        0.0000000000000000     
   1.0108736216080618        3727383270347.8521        4001741.9311478911        234818333595.14011        7064518.6485859388        27.877995427603611        4.9406564584124654E-310
   1.0110833324569777        3667046281868.3042        4015346.7153673987        231017090113.23358        7078582.8197789500        28.460971741020586        3.0289742786072842E-301
   1.0112955006964046        3607038305172.5649        4029193.3405009457        227236574190.48141        7092845.4928985974        29.063033776675990        3.2022255553445945E-301
   1.0115101551220302        3547364430659.3389        4043290.0496812742        223477106516.75720        7107312.3687179536        29.685012869381307        0.0000000000000000     
   1.0117273248669703        3488030791591.3926        4057646.0569048300        219739073481.53174        7121990.0708226962        30.327783679648501        0.0000000000000000     
   1.0119470394057215        3429044316259.3481        4072271.6513540070        216022911560.23364        7136886.2394124754        30.992269021322404        4.0356099018315484E-301
   1.0121693285581634        3370412604043.2749        4087178.3254823433        212329099505.63025        7152009.6487732129        31.679444473237258        3.2020462737436880E-301
   1.0123942224936040        3312143816247.6587        4102378.9250382334        208658151470.71198        7167370.3501524040        32.390343573033341        1.2648080533535912E-308
   1.0126217517348755        3254246535115.9126        4117887.8102828707        205010608126.27533        7182979.8218518365        33.126063925127362        3.0289738438295159E-301
   1.0128519471624760        3196729605163.4146        4133721.0332137188        201387026664.70612        7198851.1337066265        33.887774310757990        3.0289741550908727E-301
   1.0130848400187620        3139601989720.0054        4149896.5372446259        197787971762.03864        7214999.1344091073        34.676722707243798        3.0289741575612012E-301
   1.0133204619121865        3082872661834.7896        4166434.3852527780        194214008704.78568        7231440.6696047215        35.494245189407643        9.0701795360580175E-302
   1.0135588448215918        3026550534199.0557        4183357.0196160306        190665698974.86633        7248194.8352185339        36.341775766273280        3.0289741570671355E-301
   1.0138000211005462        2970644419614.5249        4200689.5556454454        187143597758.65771        7265283.2673440622        37.220857314639801        3.2024706692165463E-301
   1.0140440234817385        2915163010736.1602        4218460.1089480221        183648252670.77515        7282730.4689196115        38.133153824880857        0.0000000000000000     
   1.0142908850814178        2860114868410.6377        4236700.1568888715        180180203018.72449        7300564.1730142981        39.080464211111881        3.2015348046354720E-301
   1.0145406394038903        2805508414233.5703        4255444.9349820428        176739979333.93494        7318815.7437787177        40.064737923723563        0.0000000000000000     
   1.0147933203460646        2751351922872.7085        4274733.8686087197        173328102887.48697        7337520.6156968707        41.088092639310162        0.0000000000000000     
   1.0150489622020535        2697653513144.8882        4294611.0405313298        169945085127.70172        7356718.7722472902        42.152834305997139        4.9406564584124654E-311
   1.0153075996678278        2644421141275.5786        4315125.6951317936        166591427254.76038        7376455.2660433073        43.261479805886538        3.0289741625018576E-301
   1.0155692678459254        2591662595907.4937        4336332.7788666682        163267619905.93808        7396780.7809692351        44.416782560212852        0.0000000000000000     
   1.0158340022502161        2539385487500.5845        4358293.5138950041        159974142487.18198        7417752.2337026121        45.621761521569674        3.0289741560790041E-301
   1.0161018388107208        2487597239588.0942        4381076.0040973369        156711462621.55338        7439433.4158920161        46.879733874390617        0.0000000000000000     
   1.0163728138784875        2436305082921.3101        4404755.8702321230        153480035779.78336        7461895.6753868647        48.194351857298543        1.8774494541967369E-309
   1.0166469642305263        2385516046509.6890        4429416.9078806201        150280304715.19910        7485218.6313404012        49.569644254862439        3.0289740118118357E-301
   1.0169243270747998        2335236947836.0669        4455151.7620528359        147112698846.30899        7509490.9191738907        51.010063053277662        3.0289742865123344E-301
   1.0172049400552736        2285474385936.8979        4482062.6110333679        143977633820.49716        7534810.9605125543        52.520535764832566        4.9406564584124654E-310
   1.0174888412570249        2236234734523.5225        4510261.8485408407        140875511079.62225        7561287.7491221568        54.106524056528379        9.0697861412281736E-302
   1.0177760692114108        2187524133145.9893        4539872.7511291783        137806717302.77176        7589041.6419530613        55.774089363648990        0.0000000000000000     
   1.0180666629013004        2139348478813.0701        4571030.1167327370        134771623877.44461        7618205.1438113758        57.529966148190660        4.9406564584124654E-310
   1.0183606617663623        2091713419019.7241        4603880.8575930083        131770586459.68265        7648923.6713001439        59.381643519105729        0.0000000000000000     
   1.0186581057084190        2044624344299.6404        4638584.5277533475        128803944504.08273        7681356.2780477637        61.337456027228768        1.8774494541967369E-309
   1.0189590350968636        1998086380122.2539        4675313.7634987263        125872020752.73465        7715676.3211840652        63.406684468959881        1.9762625833649862E-310
   1.0192634907741360        1952104379783.2878        4714254.6137546590        122975120786.73959        7752072.0471363040        65.599667535138309        3.2015347937660277E-301
   1.0195715140612687        1906682918682.2993        4755606.7356651844        120113532665.21188        7790747.0719438614        67.927925197912543        0.0000000000000000     
   1.0198831467634930        1861826287797.5420        4799583.4286919907        117287526513.87924        7831920.7277420666        70.404294826067854        0.0000000000000000     
   1.0201984311759142        1817538487549.4221        4846411.4813647596        114497354138.25407        7875828.2465354344        73.043080983311896        0.0000000000000000     
   1.0205174100892511        1773823222627.4844        4896330.8053867165        111743248697.76613        7922720.7508145552        75.860219899070259        4.0356192930313446E-301
   1.0208401267956440        1730683897527.5391        4949593.8333429974        109025424424.75465        7972865.0195278311        78.873459643611071        0.0000000000000000     
   1.0211666250945304        1688123612844.8176        5006464.6594083793        106344076391.39375        8026542.9983374914        82.102557050712164        3.0289739347375948E-301
   1.0214969492985888        1646145161859.4268        5067217.9066697285        103699380295.27017        8084051.0242311107        85.569492461164529        3.0289745315688951E-301
   1.0218311442397543        1604751028023.9014        5132137.3108771602        101091492302.11983        8145698.7378440807        89.298703333739951        0.0000000000000000     
   1.0221692552753014        1563943384397.2363        5201514.0178918149        98520549011.426025        8211807.6614674674        93.317337742070848        0.0000000000000000     
   1.0225113282940017        1523724098442.4717        5275644.6017821897        95986667760.408401        8282709.4282995621        97.655528639787278        3.0289742865123344E-301
   1.0228574097223508        1484094735831.2588        5354828.8156264946        93489946865.585876        8358743.6504449910        102.34669013298986        3.0289739426426450E-301
   1.0232075465308694        1445056553434.6777        5439367.0938241268        91030465183.660828        8440255.4186823722        107.42783729674677        0.0000000000000000     
   1.0235617862404793        1406610500152.6321        5529557.8474322939        88608282166.361237        8527592.4543742109        112.93992977524216        3.2015347937660277E-301
   1.0239201769289514        1368757228476.7068        5625694.5981523925        86223438591.924438        8621101.9382161405        118.92823979596163        4.9406564584124654E-310
   1.0242827672374317        1331497104908.8223        5728062.9971121354        83875957224.743820        8721127.0428647194        125.44274598353510        0.0000000000000000     
   1.0246496063770434        1294830218150.2236        5836937.7846946456        81565843334.795349        8828003.2138488945        132.53855392915838        0.0000000000000000     
   1.0250207441355650        1258756388962.6726        5952579.7542120153        79293085322.634521        8942054.2577993963        140.27634410074941        0.0000000000000000     
   1.0253962308841877        1223275182399.6228        6075232.7823881721        77057655493.806839        9063588.3054155745        148.72284773675003        0.0000000000000000     
   1.0257761175843525        1188385922042.4832        6205120.9875989547        74859510959.618134        9192893.7237937693        157.95135135375193        0.0000000000000000     
   1.0261604557946660        1154087705978.2571        6342446.0726190265        72698594647.634796        9330235.0580825321        168.04223042453535        0.0000000000000000     
   1.0265492976778987        1120379424465.6931        6487384.9020579187        70574836418.411896        9475849.0847946983        179.08351269083118        0.0000000000000000     
   1.0269426960080630        1087259779367.6698        6640087.3561051395        68488154293.439606        9629941.0582032520        191.17147147376110        0.0000000000000000     
   1.0273407041775779        1054727304777.8846        6800674.4917540476        66438455757.858025        9792681.2263488956        204.41124933056929        0.0000000000000000     
   1.0277433762045145        1022780388661.6954        6969237.0321427248        64425639127.017685        9964201.6861301884        218.91751229897957        0.0000000000000000     
   1.0281507667399268        991417295924.19226        7145834.1946892422        62449595002.324585        10144593.637665132        234.81513479305522        0.0000000000000000     
   1.0285629310752695        960636192513.70496        7330492.8583400641        60510207792.088547        10333905.085776735        252.23991519667470        0.0000000000000000     
   1.0289799251499030        930435169578.67932        7523207.0611434411        58607357235.137756        10532139.022802584        271.33932222837325        0.0000000000000000     
   1.0294018055586838        900812268036.31299        7723937.8136333376        56740919949.988091        10739252.115119230        292.27327184536733        0.0000000000000000     
   1.0298286295596473        871765503405.96326        7932613.2084262259        54910771000.088097        10955153.902732076        315.21493435992335        7.8804012392788958E+128
   1.0302604550817778        843292889778.30237        8149128.8023695722        53116785404.287437        11179706.508502359        340.35157152026875        0.0000000000000000     
   1.0306973407328719        815392462253.89771        8373348.2465290576        51358839550.204460        11412724.843695806        367.88540314222416        0.0000000000000000     
   1.0311393458074909        788062297808.04370        8605104.1402064674        49636812508.144852        11653977.289214654        398.03450255066809        0.0000000000000000     
   1.0315865302950100        761300534300.53223        8844199.0866555348        47950587227.615837        11903186.825585764        431.03371987224858        0.0000000000000000     
   1.0320389548877598        735105386933.71497        9090406.9300832320        46300051572.744202        12160032.580253506        467.13563207457770        0.0000000000000000     
   1.0324966809892628        709475161015.25830        9343474.1553243306        44685099124.463989        12424151.757196371        506.61151859205006        0.0000000000000000     
   1.0329597707225677        684408260252.61621        9603121.4344087373        43105629700.902908        12695141.913009053        549.75236106730199        0.0000000000000000     
   1.0334282869386811        659903190588.65906        9869045.3079867549        41561549596.526222        12972563.544905212        596.86986502911407        5.5370180088776757E-301
   1.0339022932250970        635958559400.72559        10140919.991871385        40052771528.948776        13255942.956995441        648.29750082452051        4.1200620643973816E-301
   1.0343818539144274        612573069344.37732        10418399.299735975        38579214248.086960        13544775.371378591        704.39156087795016        4.1200619319877886E-301
   1.0348670340931330        589745506235.61072        10701118.673730450        37140801769.536568        13838528.251611251        765.53222985456762        4.1200617506656968E-301
   1.0353578996103583        567474720561.94678        10988697.314873435        35737462206.403946        14136644.806978954        832.12466371021196        4.1200620979938460E-301
   1.0358545170868669        545759602675.90656        11280740.405187087        34369126202.978874        14438547.647223592        904.60007263801469        4.1200617066938542E-301
   1.0363569539240842        524599051984.77216        11576841.413155476        33035724990.074169        14743642.558304856        983.41680183054211        3.2007212361237124E-301
   1.0368652783132450        503991940214.69531        11876584.471758148        31737188066.918076        15051322.368577071        1069.0614032631172        3.0289741956042559E-301
   1.0373795592446493        483937069216.03748        12179546.816977626        30473440539.135277        15360970.874742806        1162.0496903132489        4.1200620836659423E-301
   1.0378998665170243        464433123473.38403        12485301.271072263        29244400123.080101        15671966.794313064        1262.9277664582260        4.1200617348555964E-301
   1.0384262707469984        445478618308.09686        12793418.754120946        28049973878.806015        15983687.711678984        1372.2730170136711        4.1200620777371540E-301
   1.0389588433786858        427071844911.28052        13103470.805624217        26890054743.393044        16295513.984139966        1490.6950508266982        2.0271101894064430E-223
   1.0394976566933818        409210813334.12579        13415032.095835702        25764517935.660770        16606832.572986577        1618.8365767402638        3.0289742272244571E-301
   1.0400427838193735        391893194614.93036        13727682.904751671        24673217306.624077        16917040.763915610        1757.3741972151490        4.1198269563428890E-301
   1.0405942987418655        375116263316.62463        14041011.545491060        23615981715.916424        17225549.740797166        1907.0190986415228        1.9310161698179232E-299
   1.0411522763130197        358876841919.65674        14354616.708584217        22592611525.295185        17531787.977820255        2068.5176142717837        4.1198273199752047E-301
   1.0417167922621156        343171248592.24316        14668109.704108587        21602875305.152855        17835204.416781757        2242.6516316226785        3.2010771491574008E-301
   1.0422879232058280        327995249782.42059        14981116.579335066        20646506844.998608        18135271.398545269        2430.2388120984565        4.0356062496982942E-301
   1.0428657466586257        313344018918.24622        15293280.090268582        19723202549.042355        18431487.320293155        2632.1325866306092        5.5370180088776757E-301
   1.0434503410432912        299212102365.68250        15604261.507049298        18832619289.298115        18723378.993850790        2849.2218872962762        7.9050503334599447E-310
   1.0440417857015649        285593393636.18994        15913742.235160287        17974372778.726814        19010503.684715930        3082.4305714454144        3.2015317216658420E-301
   1.0446401609049134        272481116626.74341        16221425.236563947        17148036513.743868        19292450.816122849        3332.7164923363980        1.4821969375237396E-310
   1.0452455478654232        259867818434.79486        16527036.237612339        16353141320.277357        19568843.327896915        3601.0701691560621        3.0289743181325360E-301
   1.0458580287468242        247745371999.43439        16830324.712965418        15589175519.221804        19839338.684888747        3888.5130101369446        2.1219957904712066E-301
   1.0464776866756405        236104988538.59943        17131064.637511011        14855585709.373468        20103629.535083041        4196.0950455861175        2.1219957899771409E-301
   1.0471046057524716        224937239486.50931        17429055.001141679        14151778149.200275        20361444.022672810        4524.8921331994061        0.0000000000000000     
   1.0477388710634084        214232087392.28448        17724120.084251754        13477120703.510542        20612545.766430400        4876.0026061786639        0.0000000000000000     
   1.0483805686915790        203978925028.01691        18016109.495074626        12830945307.600910        20856733.518397864        5250.5433452933021                            NaN
   1.0490297857288342        194166621806.77167        18304897.973726314        12212550892.231390        21093840.522797141        5649.6452682653862        4.9406564584124654E-310
   1.0496866102875657        184783576340.52176        18590384.969971571        11621206695.660345        21323733.597464364        6074.4482468072356        3.0289746659547505E-301
   1.0503511315126657        175817773656.69321        18872494.001502339        11056155869.439161        21546311.959654938        6526.0954846765562        3.2022255553445945E-301
   1.0510234395936267        167256845749.72986        19151171.803466603        10516619294.507736        21761505.821300752        7005.7274081935575        0.0000000000000000     
   1.0517036257767800        159088134850.63892        19426387.292758115        10001799568.722393        21969274.791158412        7514.4751187888423        4.0356128583203728E-301
   1.0523917823776818        151298759161.20258        19698130.384420447        9510885149.7822666        22169606.133972269        8053.4534444922174        3.0289741837466802E-301
   1.0530880027936407        143875679549.67377        19966410.688290060        9043054558.8244038        22362512.924676847        8623.7536589886004        3.2010771491574008E-301
   1.0537923815163948        136805764671.69847        20231256.094538905        8597480484.9031563        22548032.112625666        9226.4359972006860        4.0356062496982942E-301
   1.0545050141449361        130075852437.83064        20492711.250598121        8173333659.3680916        22726222.502241533        9862.5221340094031        5.5370180088776757E-301
   1.0552259973984843        123672806974.42189        20750835.940560780        7769786446.4010077        22897162.664215140        10532.987790446459        3.0289745424383390E-301
   1.0559554291296154        117583571343.63046        21005703.395281784        7386016166.3987083        23060948.808138672        11238.755594079479        3.0289745449086675E-301
   1.0566934083375401        111795216748.53310        21257398.576269135        7021208197.9173870        23217692.662069112        11980.688269173756        1.9980659597004245E-301
   1.0574400351815421        106294988592.03220        21506016.478592992        6674558881.3487558        23367519.405182842        12759.582202879312        3.0289745444146018E-301
   1.0581954109945708        101070349042.23624        21751660.486743812        6345278202.4244757        23510565.686187491        13576.161441243283        3.2024706692165463E-301
   1.0589596382969944        96109015316.643234        21994440.802180003        6032592205.9048185        23646977.742777281        14431.072195275801        0.0000000000000000     
   1.0597328208105143        91398992974.056931        22234472.950984206        5735745094.6581497        23776909.625979006        15324.877954094567        3.2015317187014478E-301
   1.0605150634722424        86928603924.500351        22471876.377590325        5454000995.8690672        23900521.530741498        16258.055293132729        0.0000000000000000     
   1.0613064724489425        82686509267.398743        22706773.131486405        5186645401.3270569        24017978.235731762        17230.990441249854        0.0000000000000000     
   1.0621071551514407        78661727296.327560        22939286.654095341        4932986303.0950851        24129447.656206198        18243.976644193597        4.9406564584124654E-311
   1.0629172202492017        74843647138.332291        23169540.673825894        4692355054.0496769        24235099.515495226        19297.212331777973        3.0289745498493240E-301
   1.0637367776850788        71222038525.385025        23397658.216840670        4464106984.6259212        24335104.140763592        20390.800067443066        0.0000000000000000     
   1.0645659386902351        67787058117.326698        23623760.737872057        4247621802.1856441        24429631.385812473        21524.746245046681        3.0289745434264704E-301
   1.0654048157992397        64529252696.630074        23847967.370448016        4042303793.1914115        24518849.678747829        22698.961497654018        3.2024668056231962E-301
   1.0662535228653414        61439559528.172249        24070394.292449165        3847581846.6643910        24602925.189113919        23913.261781361631        1.4821969375237396E-310
   1.0671121750759198        58509304204.779327        24291154.201888472        3662909319.1372724        24682021.108460128        25167.370086860992        3.0289743991593020E-301
   1.0679808889681206        55730196313.832428        24510355.897304211        3487763762.2358747        24756297.038225871        26460.918719991241        3.0289746778123263E-301
   1.0688597824446706        53094323243.021362        24728103.956470750        3321646532.9293804        24825908.478221990        27793.452087000223        4.9406564584124654E-311
   1.0697489747898803        50594142414.178680        24944498.506137270        3164082304.6612215        24891006.407999173        29164.429919427963        1.9980662734321097E-301
   1.0706485866858328        48222472209.876312        25159635.074940167        3014618496.0485325        24951736.952735256        30573.230873813496        0.0000000000000000     
   1.0715587402287632        45972481838.613556        25373604.521837723        2872824632.6359921        25008241.125180382        32019.156441405721        4.9406564584124654E-311
   1.0724795589456295        43837680365.038559        25586493.032766048        2738291655.9878407        25060654.635420047        33501.435103185504        0.0000000000000000     
   1.0734111678108782        41811905108.565094        25798382.178689186        2610631192.9298553        25109107.760169547        35019.226667106508        1.4821969375237396E-310
   1.0743536932634057        39889309593.715324        26009349.029132020        2489474796.5022802        25153725.263901588        36571.626725476388        9.8813129168249309E-311
   1.0753072632237177        38064351208.353043        26219466.315689571        2374473168.4691482        25194626.363947023        38157.671175537471        3.0289745429324047E-301
   1.0762720071112930        36331778710.026054        26428802.641221795        2265295372.2249241        25231924.732499648        39776.340747065035        4.1200620836659423E-301
   1.0772480558621462        34686619700.534462        26637422.731193226        2161628043.6713490        25265728.528757196        41426.565483204096        4.1200617348555964E-301
   1.0782355419465997        33124168160.872837        26845387.723775893        2063174605.8783104        25296140.454082202        43107.229132448403                            NaN
   1.0792345993872623        31639972132.630577        27052755.496579047        1969654492.9543126        25323257.824137006        44817.173407608461        4.0356192930313446E-301
   1.0802453637772187        30229821628.495663        27259581.029517189        1880802388.3441985        25347172.653850175        46555.202058678202        2.1219958067753731E-301
   1.0812679722984329        28889736822.433231        27465916.802599259        1796367480.7370834        25367971.749936868        48320.084723125423        3.0289743220850611E-301
   1.0823025637403667        27615956544.361950        27671813.225887079        1716112739.1631362        25385736.804313283        50110.560541218110        3.0289748952012104E-301
   1.0833492785188148        26404927116.154953        27877319.100468062        1639814209.5955570        25400544.484018922        51925.341513289823        7.9050503334599447E-310
   1.0844082586949646        25253291578.824162        28082482.111406568        1567260336.2064521        25412466.516925681        53763.115548619135        2.1424438320931352E-301
   1.0854796479946753        24157879340.841591        28287349.353093367        1498251309.1602850        25421569.772658199        55622.549159756076        3.0289748635810088E-301
   1.0865635918279848        23115696245.257778        28491967.884287681        1432598438.8024752        25427916.335651450        57502.289790913324        3.2014018411947976E-301
   1.0876602373088449        22123915043.932098        28696385.308409374        1370123555.5079308        25431563.566541567        59400.967791407522        0.0000000000000000     
   1.0887697332750876        21179866278.673256        28900650.374816392        1310658435.1818631        25432564.150224485        61317.198036447779        0.0000000000000000     
   1.0898922303086267        20281029578.281376        29104813.597386640        1254044250.9757440        25430966.131441362        63249.581179293280        0.0000000000000000     
   1.0910278807558924        19425025376.311054        29308927.886217952        1200131051.5199940        25426812.939961303        65196.704516153586        0.0000000000000000     
   1.0921768387485116        18609607043.824284        29513049.186536275        1148777265.3102152        25420143.407088552        67157.142457382623        0.0000000000000000     
   1.0933392602242225        17832653424.539536        29717237.117413927        1099849230.4526958        25410991.775043182        69129.456612514143        0.0000000000000000     
   1.0945153029480423        17092161758.363914        29921555.601980247        1053220748.8832891        25399387.701102078        71112.195503679104        0.0000000000000000     
   1.0957051265336777        16386240980.330580        30126073.480275936        1008772664.2371202        25385356.259034440        73103.893922692892        0.0000000000000000     
   1.0969088924651871        15713105382.805593        30330865.095715076        966392462.60452437        25368917.941263780        75103.071946736716        0.0000000000000000     
   1.0981267641188983        15071068628.482855        30536010.846023519        925973895.37851489        25350088.665519942        77108.233627686379        0.0000000000000000     
   1.0993589067855829        14458538100.778040        30741597.689528123        887416623.34797776        25328879.790143881        79117.865372165150        0.0000000000000000     
   1.1006054876928879        13874009577.560110        30947719.597997986        850625881.14452457        25305298.142330173        81130.434030583056        0.0000000000000000     
   1.1018666760280331        13316062213.997746        31154477.947849248        815512161.14405918        25279346.063843951        83144.384713053078        0.0000000000000000     
   1.1031426429607727        12783353820.482038        31361981.842553690        781990915.92935503        25251021.478797086        85158.138347257671        0.0000000000000000     
   1.1044335616666281        12274616421.697624        31570348.360260691        749982278.43632782        25220317.988373924        87170.088990474367        0.0000000000000000     
   1.1057396073503898        11788652082.946280        31779702.722175300        719410798.89912009        25187224.997148514        89178.600903537241        0.0000000000000000     
   1.1070609572698973        11324328989.924620        31990178.378906429        690205197.72202623        25151727.875714678        91182.005390262362        0.0000000000000000     
   1.1083977907600961        10880577768.329830        32201917.013877332        662298133.41508281        25113808.164124176        93178.597400087601        0.0000000000000000     
   1.1097502892573776        10456388029.891920        32415068.464941181        635625984.74421918        25073443.820398945        95166.631885535870        0.0000000000000000     
   1.1111186363242045        10050805131.563305        32629790.567473076        610128646.25622785        25030609.518086929        97144.319900719667        0.0000000000000000     
   1.1125030176740223        9662927134.5523567        32846248.924164735        585749336.33825731        24985276.996321343        99109.824423179205        0.0000000000000000     
   1.1139036211964664        9291901949.8896332        33064616.608863350        562434416.96830606        24937415.465158027        101061.25587935948        0.0000000000000000     
   1.1153206369828608        8936924657.0559483        33285073.813417185        540133224.30919170        24886992.068234976        102996.66735588496        0.0000000000000000     
   1.1167542573520197        8597234982.0268478        33507807.448024802        518797909.28380203        24833972.403629601        104914.04948457966        0.0000000000000000     
   1.1182046768763483        8272114920.7818871        33733010.706576817        498383287.25611579        24778321.102670327        106811.32500265307        0.0000000000000000     
   1.1196720924082484        7960886493.8298693        33960882.608808562        478846695.90806955        24720002.464542922        108686.34301026078        0.0000000000000000     
   1.1211567031068386        7662909616.7585135        34191627.530773811        460147860.37450635        24658981.142718341        110536.87298087629        0.0000000000000000     
   1.1226587104649823        7377580071.1168261        34425454.733813055        442248764.65343153        24595222.876510508        112360.59862470084        0.0000000000000000     
   1.1241783183366352        7104327559.1971426        34662577.899760969        425113528.26725876        24528695.258071657        114155.11176599092        0.0000000000000000     
   1.1257157329645127        6842613825.5971527        34903214.676682547        408708287.10928774        24459368.521471340        115917.90647178001        0.0000000000000000     
   1.1272711630080812        6591930827.8286114        35147586.234506689        393001077.37602645        24387216.336204834        117646.37376254787        0.0000000000000000     
   1.1288448195718765        6351798937.9429131        35395916.824008539        377961721.47039396        24312216.582575541        119337.79734339526        0.0000000000000000     
   1.1304369162341572        6121765157.2767611        35648433.325602181        363561714.77591485        24234352.081087269        120989.35091399582        0.0000000000000000     
   1.1320476690758907        5901401327.2664375        35905364.766998909        349774112.25817978        24153611.242174149        122598.09773840256        0.0000000000000000     
   1.1336772967100792        5690302321.1086740        36166941.781460777        336573413.97184724        24069988.596952822        124160.99327110751        0.0000000000000000     
   1.1353260203114313        5488084204.2779255        36433395.972355738        323935448.75948703        23983485.164568681        125674.89172489621        0.0000000000000000     
   1.1369940636463793        5294382356.8188276        36704959.146219805        311837255.74041605        23894108.607860778        127136.55750695693        0.0000000000000000     
   1.1386816531034498        5108849557.1195650        36981862.376927622        300256963.61828828        23801873.127604015        128542.68241767684        0.0000000000000000     
   1.1403890177239879        4931154035.5543804        37264334.869333372        289173668.38006389        23706799.047254246        129889.90937431142        0.0000000000000000     
   1.1421163892332449        4760977516.7393913        37552602.602701426        278567310.60884231        23608912.046546407        131174.86316875494        0.0000000000000000     
   1.1438640020718267        4598013280.6986713        37846886.752924129        268418554.34707522        23508242.014001545        132394.18837861688        0.0000000000000000     
   1.1456320934275124        4441964284.9909916        38147401.916409515        258708670.17433253        23404821.506798949        133544.59403006037        0.0000000000000000     
   1.1474209032674472        4292541400.5854712        38454354.185798615        249419425.81537634        23298683.831216510        134622.90398244519        0.0000000000000000     
   1.1492306743707088        4149461822.2270002        38767939.153880671        240532988.06819499        23189860.787474170        135626.11132488883        0.0000000000000000     
   1.1510616523612600        4012447717.4644504        39088339.942566372        232031840.02506948        23078380.157145482        136551.43442243338        0.0000000000000000     
   1.1529140857412821        3881225175.7971058        39415725.363279842        223898717.35534698        22964263.046037409        137396.37172280397        0.0000000000000000     
   1.1547882259249054        3755523509.5545249        39750248.309961475        216116566.76718599        22847521.226122312        138158.75213322236        0.0000000000000000     
   1.1566843272723277        3635074941.0704298        40092044.464489043        208668528.66900620        22728154.641915586        138836.77778221850        0.0000000000000000     
   1.1586026471243398        3519614687.5563893        40441231.358917281        201537944.58064479        22606149.254699316        139429.05633340444        0.0000000000000000     
   1.1605434458372490        3408881428.0791612        40797907.794953726        194708388.14999473        22481475.389379483        139934.62070569143        0.0000000000000000     
   1.1625069868182174        3302618109.3368807        41162153.576448001        188163716.90659654        22354086.721934270        140352.93500187027        0.0000000000000000     
   1.1644935365610096        3200573022.0510831        41534029.473999031        181888140.35664696        22223920.002884712        140683.88653803873        0.0000000000000000     
   1.1665033646821636        3102501060.9688258        41913577.318737008        175866298.88906547        22090895.558113959        140927.76495144705        0.0000000000000000     
   1.1685367439575820        3008165071.0976214        42300820.118757151        170083347.36647964        21954918.549841717        141085.23030408716        0.0000000000000000     
   1.1705939503595535        2917337181.8771977        42695762.105583183        164525037.27324501        21815880.924880117        141157.27278193404        0.0000000000000000     
   1.1726752630942090        2829800039.1418581        43098388.645403087        159177791.85232493        21673663.931315847        141145.16695396986        0.0000000000000000     
   1.1747809646394152        2745347860.2412357        43508665.983843960        154028769.67489612        21528141.053692378        141050.42359718302        0.0000000000000000     
   1.1769113407831122        2663787258.0247402        43926540.826736584        149065913.38352889        21379181.202273261        140874.74185286066        0.0000000000000000     
   1.1790666806621029        2584937801.7416873        44351939.787267193        144277981.75812855        21226651.994160905        140619.96403378312        0.0000000000000000     
   1.1812472768012914        2508632304.5714202        44784768.748173945        139654564.60456827        21070422.979719721        140288.03483706713        0.0000000000000000     
   1.1834534251533890        2434716846.4174390        45224912.195492104        135186081.13353547        20910368.692953371        139880.96611851026        0.0000000000000000     
   1.1856854251390785        2363050555.4660378        45672232.578925051        130863763.40417673        20746371.434842549        139400.80782034426        0.0000000000000000     
   1.1879435796876514        2293505182.2368479        46126569.745185956        126679627.02003084        20578323.729678784        138849.62516055774        0.0000000000000000     
   1.1902281952781248        2225964505.5802898        46587740.477735147        122626431.59660783        20406130.423229821        138229.48181448350        0.0000000000000000     
   1.1925395819808340        2160323611.8583035        47055538.161815517        118697633.60688220        20229710.415833630        137542.42855301982        0.0000000000000000     
   1.1948780534995167        2096488087.1978786        47529732.579381339        114887334.10700206        20048998.042327203        136790.49663963387        0.0000000000000000     
   1.1972439272138891        2034373159.1583452        48010069.826105297        111190223.60691106        19863944.123893868        135975.69521368173        0.0000000000000000     
   1.1996375242227217        1973902819.2505548        48496272.332672998        107601526.03291799        19674516.724945486        135100.01188095936        0.0000000000000000     
   1.2020591693874181        1915008952.2178435        48988038.965239756        104116943.37684011        19480701.651930101        134165.41577426982        0.0000000000000000     
   1.2045091913761059        1857630492.4012356        49485045.175190262        100732602.27347429        19282502.731421158        133173.86241904416        0.0000000000000000     
   1.2069879227082443        1801712622.2558184        49986943.165843397        97445003.418754980        19079941.902972467        132127.29982711020        0.0000000000000000     
   1.2094956997997528        1747206023.4028730        50493362.043126456        94250974.448986754        18873059.158777997        131027.67533393401        0.0000000000000000     
   1.2120328630086714        1694066186.6196194        51003907.918237381        91147626.655089408        18661912.358012389        129876.94278417309        0.0000000000000000     
   1.2145997566813536        1642252783.9091005        51518163.932498127        88132315.705089197        18446576.939176090        128677.06975107198        0.0000000000000000     
   1.2171967291992014        1591729103.2367036        52035690.177983470        85202606.391356245        18227145.549226779        127430.04454433771        0.0000000000000000     
   1.2198241330259478        1542461544.5912387        52556023.491734087        82356241.302297845        18003727.604102056        126137.88281853088        0.0000000000000000     
   1.2224823247554939        1494419174.6445320        53078677.106432341        79591113.235213548        17776448.791450609        124802.63363908108        0.0000000000000000     
   1.2251716651603060        1447573336.3562727        53603140.146319978        76905241.111775964        17545450.522994742        123426.38489617835        0.0000000000000000     
   1.2278925192403800        1401897309.3025699        54128876.963633865        74296749.125563458        17310889.341227110        122011.26798146967        0.0000000000000000     
   1.2306452562727803        1357366016.2284610        54655326.318098515        71763848.835962176        17072936.282812841        120559.46165829131        0.0000000000000000     
   1.2334302498617571        1313955771.2543612        55181900.409709387        69304823.920562238        16831776.199216608        119073.19506601081        0.0000000000000000     
   1.2362478779894532        1271644065.2545848        55707983.783224806        66918017.305796064        16587607.033779206        117554.74980525271        0.0000000000000000     
   1.2390985230672038        1230409384.1190083        56232932.131162152        64601820.409164570        16340639.053540964        116006.46105415413        0.0000000000000000     
   1.2419825719874384        1190231055.8745246        56756071.030656688        62354664.243813351        16091094.033544345        114430.71766801551        0.0000000000000000     
   1.2449004161761894        1151089122.9448345        57276694.657773852        60175012.156418361        15839204.391327571        112829.96121864456        0.0000000000000000     
   1.2478524516462175        1112964236.1479647        57794064.530683801        58061353.989380300        15585212.269439586        111206.68393394347        0.0000000000000000     
   1.2508390790507575        1075837567.3569522        58307408.340240441        56012201.478972763        15329368.564442594        109563.42550641285        0.0000000000000000     
   1.2538607037378982        1039690738.0652503        58815918.932519354        54026084.720412098        15071931.901697919        107902.76874987801        0.0000000000000000     
   1.2569177358055934        1004505761.3971648        59318753.512418106        52101549.548861384        14813167.556345752        106227.33409818124        0.0000000000000000     
   1.2600105901573238        970264995.38459194        59815033.140358314        50237155.701889940        14553346.322222238        104539.77295747912        0.0000000000000000     
   1.2631396865584050        936951105.59241128        60303842.595153920        48431475.643884353        14292743.331982261        102842.75994494751        0.0000000000000000     
   1.2663054496929622        904547035.40921307        60784230.674769245        46683093.945943564        14031636.833273726        101138.98407017857        0.0000000000000000     
   1.2695083092215644        873035982.53616822        61255211.003139578        44990607.126538292        13770306.927495077        99431.138941113561        0.0000000000000000     
   1.2727486998395425        842401380.40185392        61715763.405179828        43352623.868433163        13509034.279302374        97721.912102363101        0.0000000000000000     
   1.2760270613359839        812626883.40649021        62164835.903584383        41767765.536323927        13248098.806571513        96013.973639283286        0.0000000000000000     
   1.2793438386534222        783696355.05952644        62601347.380227841        40234666.927594453        12987778.361904988        94309.964204889373        0.0000000000000000     
   1.2826994819482249        755593858.21782362        63024190.931912221        38751977.195804194        12728347.417978982        92612.482647857832        0.0000000000000000     
   1.2860944466516893        728303646.76473415        63432237.935407542        37318360.892815001        12470075.769859537        90924.073436133680        0.0000000000000000     
   1.2895291935318538        701810158.18901455        63824342.820335343        35932499.081496365        12213227.268011045        89247.214082607461        0.0000000000000000     
   1.2930041887560346        676098006.63307583        64199348.531116880        34593090.476616770        11958058.595943388        87584.302785271517        0.0000000000000000     
   1.2965199039540931        651151976.07899952        64556092.641315393        33298852.576673541        11704818.106216285        85937.646493575870        0.0000000000000000     
   1.3000768162824472        626957013.43209934        64893414.065892771        32048522.754746422        11453744.728018293        84309.449606281021        0.0000000000000000     
   1.3036754084888305        603498221.34480524        65210160.299818985        30840859.281498119        11205066.958624616        82701.803493181244        0.0000000000000000     
   1.3073161689778121        580760850.69648552        65505195.095470145        29674642.258159965        10959001.949722007        81116.677013987879        0.0000000000000000     
   1.3109995918770827        558730292.71029282        65777406.477149323        28548674.442455761        10715754.698164821        79555.908184928499        0.0000000000000000     
   1.3147261771045187        537392070.74578202        66025714.979243413        27461781.954729963        10475517.348829677        78021.197115113348        0.0000000000000000     
   1.3184964304360309        516731831.85260910        66249081.985314481        26412814.856131472        10238468.615352979        76514.100304854495        9.8813129168249309E-311
   1.3223108635742098        496735338.20980239        66446518.039302714        25400647.594849963        10004773.322475342        75036.026366017686        3.2890934760011126E-299
   1.3261699942177736        477388458.60429597        66617090.997086398        24424179.320112698        9774582.0715838801        73588.233191757958        0.0000000000000000     
   1.3300743461318314        458677160.12379497        66759933.887177117        23482334.067131143        9548031.0289902277        72171.826571348181        0.0000000000000000     
   1.3340244492189679        440587500.24912250        66874252.352970600        22574060.819192633        9325241.8345246706        70787.760216161274        0.0000000000000000     
   1.3380208395911639        423105619.53531700        66959331.556011915        21698333.455478728        9106321.6261411384        69436.837135293623        0.0000000000000000     
   1.3420640596425579        406217735.06524122        67014542.429623388        20854150.595272668        8891363.1746260766        68119.712276031656        0.0000000000000000     
   1.3461546581230583        389910134.84757030        67039347.184765063        20040535.350645754        8680445.1210655626        66836.896324523463        0.0000000000000000     
   1.3502931902128228        374169173.31230581        67033303.984674558        19256535.000626672        8473632.3085364643        65588.760546529535        6.3659873728958169E-301
   1.3544802175976067        358981268.03365558        66996070.721304797        18501220.600412868        8270976.1986128502        64375.542537389236       -8.3361594228800469E-048
   1.3587163085449960        344332897.78229976        66927407.844157837        17773686.539123699        8072515.3625996215        63197.352743393902        3.3161123744058494E-301
   1.3630020379815320        330210601.97836614        66827180.210373521        17073050.059242975        7878276.0370318638        62054.181614240282        3.3161124929816044E-301
   1.3673379875707430        316600981.58471328        66695357.943351790        16398450.750185890        7688272.7328350870        60945.907247257397        3.3951924687153619E-300
   1.3717247457920867        303490701.44725794        66532016.305177964        15749050.027399626        7502508.8876148378        59872.303388358043        3.0290137445710740E-301
   1.3761629080208195        290866494.05706155        66337334.605226919        15124030.607225908        7320977.5508360043        58833.047661750687        2.1423136675343444E-301
   1.3806530766088021        278715164.67912799        66111594.183261029        14522595.986346353        7143662.0920742806        57827.729909364411        3.0289748517234335E-301
   1.3851958609662500        267023597.76473248        65855175.519539602        13943969.933240797        6970536.9231362361        56855.860531930157        3.0289748398658578E-301
   1.3897918776444453        255778764.53999698        65568554.536876552        13387395.997586522        6801568.2255210774        55916.878735322149        3.2012243787435990E-301
   1.3944417504194131        244967731.64248836        65252298.169840984        12852137.042097382        6636714.6754797995        55010.160598281815        3.9525251667299724E-310
   1.3991461103765830        234577670.66108209        64907059.284401298        12337474.799924618        6475928.1597510641        54135.026890238929        0.0000000000000000     
   1.4039055959964402        224595868.42252716        64533571.037264183        11842709.459481250        6319154.4759052480        53290.750580332387        3.3951924687153619E-300
   1.4087208532411801        215009737.85938376        64132640.767699741        11367159.277419699        6166334.0120954541        52476.563990829774        3.0290137445710740E-301
   1.4135925356423795        205806829.29105824        63705143.516343087        10910160.219473932        6017402.4018330388        51691.665559116955        4.0342641539678304E-301
   1.4185213043896945        196974841.94939065        63252015.264992714        10471065.628083654        5872291.1502396688        50935.226182999155        4.0342647231314546E-301
   1.4235078284205978        188501635.58431241        62774245.989299133        10049245.915023554        5730928.2289800402        50206.395133232931        3.0289749189163614E-301
   1.4285527845111674        180375241.99211273        62272872.612530120        9644088.2767652944        5593238.6378029222        49504.305525550582        3.2012250427678272E-301
   1.4336568573679394        172583876.31832755        61748971.943494573        9254996.4298935812        5459144.9312503114        48828.079351423614        3.0289749031062606E-301
   1.4388207397208370        165115947.99957010        61203653.675690427        8881390.3637445085        5328567.7097226949        48176.832073202444        4.0379704921520255E-301
   1.4440451324171897        157960071.22210160        60638053.517767616        8522706.1072501112        5201426.0745674325        47549.676793922335        5.4707703985823427E-302
   1.4493307445168502        151105074.78962383        60053326.517842889        8178395.5070152562        5077638.0473389924        46945.728016357054        3.2012250684592406E-301
   1.4546782933884319        144540011.30867550        59450640.636440605        7847926.0137553168        4957120.9537776820        46364.105009090010        4.0431261106441554E-301
   1.4600885048066681        138254165.61563292        58831170.614730753        7530780.4743500510        4839791.7733634058        45803.934799543546        3.0289748952012104E-301
   1.4655621130509175        132237062.38500795        58196092.176755548        7226456.9269956285        4725567.4555796571        45264.354815607454        3.0289748793911096E-301
   1.4710998610048196        126478472.87434159        57546576.596646674        6934468.3972202400        4614365.2042548526        44744.515198615605        4.0342647231314546E-301
   1.4767025002571201        120968420.77526085        56883785.654274613        6654342.6927628871        4506102.7314874167        44243.580810634157        0.0000000000000000     
   1.4823707912036768        115697187.15405048        56208866.995824717        6385622.1956637129        4400698.4828197276        43760.732959374953        3.0289748793911096E-301
   1.4881055031506623        110655314.47766061        55522949.909286946        6127863.6501498567        4298071.8353651585        43295.170863242289        6.7903865310888714E-300
   1.4939074144189746        105833609.73213995        54827141.518893324        5880637.9452507850        4198143.2706855852        42846.112878850661        0.0000000000000000     
   1.4997773124498708        101223146.65078533        54122523.397313341        5643529.8913154295        4100834.5242026169        42412.797512101104        0.0000000000000000     
   1.5057159939118405        96815267.077544585        53410148.589622714        5416137.9898694484        4006068.7129288916        41994.484233021860        3.0289748952012104E-301
   1.5117242648087301        92601581.498837203        52691039.039126642        5198074.1964982357        3913770.4432800878        41590.454113412452        6.7903865310888714E-300
   1.5178029405891342        88573968.782781929        51966183.401608989        4988963.6766376300        3823865.9006729340        41200.010305027230        3.0290136778722117E-301
   1.5239528462570693        84724575.169659913        51236535.231785417        4788444.5543524586        3736282.9225634080        40822.478374880506        4.0342641539678304E-301
   1.5301748164839442        81045812.561012954        50503011.523399778        4596167.6543170819        3650951.0564874201        40457.206512767167        4.0342647231314546E-301
   1.5364696957218431        77530356.157390147        49766491.582695544        4411796.2373833610        3567801.6046170825        40103.565625197174        3.0289749426315124E-301
   1.5428383383181337        74171141.496387020        49027816.213673718        4235005.7301840214        3486767.6562214773        39760.949328304800        3.2012252107501466E-301
   1.5492816086314218        70961360.943189681        48287787.192627542        4065483.4493409735        3407784.1093641752        39428.773851559657        3.3951924687153619E-300
   1.5558003811488623        67894459.686154738        47547167.009072825        3902928.3208859069        3330787.6830513594        39106.477862678119        3.0290137445710740E-301
   1.5623955406048453        64964131.289023198        46806678.849905983        3747050.5955603542        3255716.9209691640        38793.522223375359        0.0000000000000000     
   1.5690679821010738        62164312.850436039        46067006.803857334        3597571.5606857366        3182512.1878502034        38489.389684557907        4.9406564584124654E-311
   1.5758186112280470        59489179.819728658        45328796.263630085        3454223.2493046587        3111115.6594178448        38193.584528697356        3.0289749979668646E-301
   1.5826483441879682        56933140.516042493        44592654.503710806        3316748.1473017503        3041471.3067754009        37905.632166428244        3.3161152281290200E-301
   1.5895581079190932        54490830.395650215        43859151.412613623        3184898.8992040926        2973524.8760228334        37625.078693687887        1.4821969375237396E-310
   1.5965488402215344        52157106.109931834        43128820.359179713        3058438.0133389938        2907223.8638000675        37351.490415051005        4.9406564584124654E-311
   1.6036214898845409        49927039.393940181        42402159.173576578        2937137.5670193513        2842517.4893957772        37084.453338540938        3.3161123744058494E-301
   1.6107770168152686        47795910.822888665        41679631.224694118        2820778.9123798083        2779356.6639714153        36823.572646451976        9.8813129168249309E-311
   1.6180163921690598        45759203.471247837        40961666.576787956        2709152.3834749586        2717693.9574047416        36568.472146545326        3.0289753141688779E-301
   1.6253405984812499        43812596.506560229        40248663.209395029        2602057.0052095703        2657483.5631883126        36318.793707457495        3.3161142479027785E-301
   1.6327506298005168        41951958.747404300        39540988.285685442        2499300.2046369519        2598681.2617664272        36074.196681884598        3.3161123744058494E-301
   1.6402474918237957        40173342.212548666        38838979.455687046        2400697.5251308288        2541244.3826469844        35834.357320807081        3.3161124929816044E-301
   1.6478322020327727        38472975.685777664        38142946.181914836        2306072.3439008892        2485131.7655822765        35598.968181815333        4.0342647231314546E-301
   1.6555057898319780        36847258.318679072        37453171.076185845        2215255.5932799834        2430303.7210620074        35367.737534156448        3.3161148882118553E-301
   1.6632692966884983        35292753.291278079        36769911.237436339        2128085.4861950320        2376721.9903507321        35140.388763320378        3.3161148882118553E-301
   1.6711237762733262        33806181.548515722        36093399.581569478        2044407.2461779190        2324349.7052401868        34916.659777255889        3.0289756501335171E-301
   1.6790702946043632        32384415.628370523        35423846.155311376        1964072.8422637323        2273151.3476914354        34696.302416665043        3.0289751007325189E-301
   1.6871099301911037        31024473.595692325        34761439.427129559        1886940.7290736421        2223092.7094929265        34479.081871219489        3.2011823199232998E-301
   1.6952437741810102        29723513.094019037        34106347.549210668        1812875.5923628991        2174140.8520570016        34264.776103643351        0.0000000000000000     
   1.7034729305076044        28478825.525982797        33458719.585374046        1741748.1002788774        2126264.0664532655        34053.175283347795        5.3026721198129771E-301
   1.7117985160402944        27287830.371431798        32818686.700676084        1673434.6605478625        2079431.8337639214        33844.081231148826        3.2926596275987636E-301
   1.7202216607359584        26148069.650951587        32186363.309239611        1607817.1837815742        2033614.7858341448        33637.306876454830        2.5718708141536191E-302
   1.7287435077923017        25057202.541156840        31561848.177570555        1544782.8530696509        1988784.6664822795        33432.675728183356        3.3161122044472672E-301
   1.7373652138030145        24013000.146895207        30945225.481293146        1484223.8999941600        1944914.2932213014        33230.021360443097        0.0000000000000000     
   1.7460879489147441        23013340.434381250        30336565.813856784        1426037.3871823750        1901977.5195427253        33029.186913981590        3.3161148882118553E-301
   1.7549128969859105        22056203.328261718        29735927.146332055        1370124.9974844612        1859949.1978007741        32830.024614107519        0.0000000000000000     
   1.7638412557473795        21139665.974595018        29143355.737876352        1316392.8298428513        1818805.1427371386        32632.395305820814        0.0000000000000000     
   1.7728742369650203        20261898.170910146        28558886.996927310        1264751.2018925534        1778522.0956745010        32436.168006566691        0.0000000000000000     
   1.7820130666041674        19421157.963678662        27982546.293562405        1215114.4593156597        1739077.6894134572        32241.219477096856        0.0000000000000000     
   1.7912589849960097        18615787.412808705        27414349.723788921        1167400.7919433319        1700450.4138517529        32047.433810550963        0.0000000000000000     
   1.8006132470059297        17844208.522109840        26854304.826833155        1121532.0565874034        1662619.5823558420        31854.702040009481        0.0000000000000000     
   1.8100771222038166        17104919.334102530        26302411.256751519        1077433.6065574645        1625565.2989017197        31662.921764440154        0.0000000000000000     
   1.8196518950363703        16396490.186987277        25758661.409865230        1035034.1278039445        1589268.4260048494        31471.996792960676        0.0000000000000000     
   1.8293388650014306        15717560.131134907        25223041.009700183        994265.48160987126        1553710.5534555693        31281.836807204669        0.0000000000000000     
   1.8391393468243453        15066833.502049088        24695529.651251704        955062.55373956158        1518873.9678766432        31092.357041529442        0.0000000000000000     
   1.8490546706364066        14443076.646375595        24176101.306471646        917363.10993476538        1484741.6231138911        30903.477980659372        3.0289752030041078E-301
   1.8590861821553766        13845114.797209395        23664724.792922188        881107.65763534920        1451297.1114686271        30715.125074279098        3.0289751639729217E-301
   1.8692352428681309        13271829.094718236        23161364.207630776        846239.31379383907        1418524.6357858889        30527.228468176185        3.2012832081281807E-301
   1.8795032302154406        12722153.747828614        22665979.328117378        812703.67863443145        1386408.9823988939        30339.722751265679        3.3161161016370817E-301
   1.8898915377789196        12195073.332580801        22178525.982614122        780448.71520313958        1354935.4949363482        30152.546717941579        3.3161160996608190E-301
   1.9004015754701622        11689620.222601701        21698956.391446020        749424.63454534486        1324090.0489944865        29965.643145126047        3.0289753932193811E-301
   1.9110347697221002        11204872.147034269        21227219.481490485        719583.78633998882        1293859.0276736959        29778.958583374337        3.0289752583394600E-301
   1.9217925636825970        10739949.871214757        20763261.175599977        690880.55481299700        1264229.2979749716        29592.443161299834        3.0289751323527205E-301
   1.9326764174103148        10294014.995317623        20307024.658771046        663271.25975019718        1235188.1880545435        29406.050402727615        3.2013085793872259E-301
   1.9436878080728746        9866267.8662170228        19858450.622804679        636714.06242480944        1206723.4653277129        29219.737055821974        2.1219964194167738E-301
   1.9548282301473388        9455945.5978073999        19417477.491103221        611168.87625359034        1178823.3154141868        29033.462933536615        4.2439916214557964E-301
   1.9660991956230438        9062320.1950706113        18984041.625162926        586597.28199483256        1151476.3219151655        28847.190764735766        3.0289753260264536E-301
   1.9775022342068076        8684696.7772480734        18558077.514246866        562962.44730051514        1124671.4470084510        28660.886055277639        3.0289753062638277E-301
   1.9890388935305450        8322411.8955423636        18139517.949621212        540229.05043720768        1098398.0128496285        28474.516958472013        3.3161127578007906E-301
   2.0007107393613111        7974831.9408769291        17728294.184657685        518363.20799106942        1072645.6837632952        28288.054154265235        3.0289752583394600E-301
   2.0125193558138115        7641351.6373449825        17324336.082009468        497332.40637508209        1047404.4492076817        28101.470736552121        3.0289752193082739E-301
   2.0244663455653980        7321392.6171025746        16927572.248989992        477105.43696024490        1022664.6074954345        27914.742108050861        3.2012832081281807E-301
   2.0365533300735867        7014402.0725871827        16537930.162196053        457652.33465643629        998416.75025276328        27727.845882220467        9.2804936768564812E-302
   2.0487819497961235        6719851.4820766654        16155336.282328177        438944.31977129128        974651.74759454071        27540.761791622357        3.0185403078115465E-302
   2.0611538644136282        6437235.4047555998        15779716.160110205        420953.74298391677        951360.73400019924        27353.471602373185        4.1441992383673890E-301
   2.0736707530548486        6166070.3415912539        15410994.534107126        403654.03327065811        928535.09486428229        27165.959034074451        3.0185403078115465E-302
   2.0863343145245539        5905893.6584668048        15049095.421174841        387019.64862914674        906166.45370343677        26978.209684878504        3.0185403078115465E-302
   2.0991462675340973        5656262.5681941453        14693942.200250875        371026.02945185843        884246.65999881749        26790.210961270794        3.3161128368512938E-301
   2.1121083509346823        5416753.1681454796        14345457.690075500        355649.55440479191        862767.77765091450        26601.952012166210        2.1219964194167738E-301
   2.1252223239533592        5186959.5304186009        14003564.221424719        340867.49867397058        841722.07402519626        26413.423666942097        2.1219958304905241E-301
   2.1384899664317922        4966492.8415768007        13668183.704349820        326657.99444826547        821102.00956802827        26224.618377124214        4.0023082093362280E-301
   2.1519130790678189        4754980.5891725067        13339237.690906990        312999.99351287377        800900.22797069838        26035.530161363229        3.9525251667299724E-310
   2.1654934836598443        4552065.7923826333        13016647.433783034        299873.23183367826        781109.54686120455        25846.154553454209        3.3161127933735169E-301
   2.1792330233540960        4357406.2742295805        12700333.941189986        287258.19601766247        761722.94900072424        25656.488553052721        2.1219957909652723E-301
   2.1931335628947797        4170673.9730064077        12390218.028394325        275136.09154230182        742733.57396700513        25466.530578902762        1.4821969375237396E-310
   2.2071969888771612        3991554.2906307820        12086220.366165975        263488.81265043153        724134.71030347655        25276.280424327535        2.1219957909652723E-301
   2.2214252100036194        3819745.4757947209        11788261.526433479        252298.91381284955        705919.78811281372        25085.739214684672        3.3161122202573680E-301
   2.2358201573426966        3654958.0398865389        11496262.025394896        241549.58266739320        688082.37207865086        24894.909366688527        3.3161142518553036E-301
   2.2503837845911852        3496914.2037811405        11210142.364310250        231224.61434650936        670616.15489398548        24703.794549293176        2.6185479229586067E-309
   2.2651180683392846        3345347.3736952809        10929823.068170102        221308.38711155939        653514.95107993914        24512.399646031638        3.0289753062638277E-301
   2.2800250083388676        3200001.6444153422        10655224.722423607        211785.83921595587        636772.69117625302        24320.730718597559        3.3161122044472672E-301
   2.2951066277748877        3060631.3282984202        10386268.007922059        202642.44692393910        620383.41628646059        24128.794971516298        3.0289753576466548E-301
   2.3103649735399681        2927000.5085450914        10122873.734224729        193864.20361597469        604341.27296076575        23936.600717736070        3.0289752983587771E-301
   2.3258021165122065        2798882.6153245866        9864962.8713862058        185437.59991610693        588640.50840157701        23744.157345054427        3.2011263363568385E-301
   2.3414201518362390        2676060.0234253458        9612456.5803440232        177349.60477981798        573275.46597444371        23551.475283169169        3.9525251667299724E-310
   2.3572211992075953        2558323.6701726555        9365276.2419941612        169587.64748509470        558240.58101012476        23358.565971288797        3.3161122044472672E-301
   2.3732074031603845        2445472.6924407994        9123343.4850503244        162139.60047282692        543530.37688294682        23165.441826167524        3.3161122044472672E-301
   2.3893809333583533        2337314.0816484652        8886580.2127526477        154993.76298570592        529139.46135108580        22972.116210474440        3.0289753378840289E-301
   2.4057439848893556        2233662.3557000407        8654908.6284968406        148138.84545810160        515062.52314487839        22778.603401389835        7.9050503334599447E-310
   2.4222987785632730        2134339.2468906697        8428251.2604272477        141563.95461211307        501294.32878956804        22584.918559354068        3.2020649681995953E-301
   2.4390475612134233        2039173.4048632930        8206530.9850558927        135258.57921819927        487829.71964985679        22391.077696887878        3.0289754564597840E-301
   2.4559926060015052        1948000.1137513290        7989671.0499361884        129212.57648109550        474663.60918376700        22197.097647438735        3.2012397975442744E-301
   2.4731362127261121        1860661.0226993063        7777595.0954270447        123416.15901428912        461790.98039347428        22002.996034184740        3.0289800018637258E-301
   2.4904807081348639        1777003.8890045024        7570227.1755788615        117859.88236875640        449206.88346123660        21808.791238729358        3.0289801125344303E-301
   2.5080284462401967        1696882.3331669439        7367491.7781640422        112534.63308408020        436906.43356004561        21614.502369697475        4.0342686361313694E-301
   2.5257818086388495        1620155.6051799702        7169313.8438678849        107431.61723173063        424884.80882713164        21420.149231150783        3.0289755236527119E-301
   2.5437432048350996        1546688.3614380264        6975618.7846637238        102542.34942280459        413137.24849079823        21225.752290837605        1.7727549675803934E-303
   2.5619150725677793        1476350.4516743752        6786332.5013833754        97858.642254046747        401659.05114033946        21031.332648253949        3.2983846547714633E-301
   2.5802998781411315        1409016.7153786505        6601381.4004930118        93372.596167816882        390445.57312954421        20836.912002520658        3.0289756778011932E-301
   2.5989001167595394        1344566.7871791902        6420692.4100831347        89076.589703229823        379492.22710421204        20642.512620058362        3.0289756896587689E-301
   2.6177183128661730        1282884.9107095702        6244192.9950879095        84963.270117544671        368794.48064560164        20448.157302100793        3.3161122044472672E-301
   2.6367570204856152        1223859.7605077873        6071811.1717423368        81025.544358158993        358347.85502151749        20253.869352065325        3.0289753932193811E-301
   2.6560188235704958        1167384.2715232116        5903475.5212785797        77256.570366841304        348147.92403689568        20059.672542802360        3.0289753853143309E-301
   2.6755063363521829        1113355.4758405222        5739115.2028853996        73649.748699396339        338190.31297661597        19865.591083730415        3.2012811449100435E-301
   2.6952222036955957        1061674.3462474104        5578659.9659323553        70198.714445093850        328470.69763427560        19671.649587947759        4.0379704921520255E-301
   2.7151691014581623        1012245.6463037266        5422040.1614826117        66897.329431256643        318984.80341997353        19477.873039299393        5.4707703985823427E-302
   2.7353497368529940        964977.78658589884        5269186.7531021936        63739.674699472569        309728.40454140410        19284.286759466286        3.2012829630716204E-301
   2.7557668488163105        919782.68680534407        5120031.3269904284        60720.043240965657        300697.32325305359        19090.916375122273        4.0431287983612690E-301
   2.7764232083791693        876575.64351456496        4974506.1014422607        57832.932979284509        291887.42916784709        18897.787785176341        3.0289753932193811E-301
   2.7973216190435539        835275.20313553954        4832543.9356692135        55073.039989546582        283294.63862701546        18704.927128164585        3.0289753418365540E-301
   2.8184649171628680        795803.04005875939        4694078.3379961262        52435.251944028867        274914.91412361211        18512.360749827556        8.3991159793011913E-310
   2.8398559723268875        758083.83957636333        4559043.4734528139        49914.641774558186        266744.26377539313        18320.115170906352        3.2013951258545392E-301
   2.8614976877512253        722045.18542853987        4427374.1707872627        47506.461542898956        258778.74084350010        18128.217055201607        3.0289755434153378E-301
   2.8833930006713566        687617.45175214845        4299005.9289157288        45206.136510766315        251014.44329335244        17936.693177943926        3.2012397975442744E-301
   2.9055448827412675        654733.69923716551        4173874.9228434633        43009.259401790798        243447.51339478564        17745.570394503007        3.0289753418365540E-301
   2.9279563404367659        623329.57530215534        4051918.0090678744        40911.584847959275        236074.13735788755        17554.875609446626        6.7903865310888714E-300
   2.9506304154635270        593343.21811606770        3933072.7305020657        38909.024013923095        228890.54500299820        17364.635746036827        2.1219957939296660E-301
   2.9735701851699146        564715.16430025862        3817277.3209417374        36997.639392558311        221893.00946154905        17174.877716114803        0.0000000000000000     
   2.9967787629646434        537388.26015296194        3704470.7091011181        35173.639765831387        215077.84690669979        16985.628390494410        3.2983846547714633E-301
   3.0202592987393335        511307.57624957158        3594592.5222520512        33433.375325077039        208441.41631074267        16796.914569769870        2.1219957949177974E-301
   3.0440149792960152        486420.32527882780        3487583.0895035802        31773.332945606773        201980.11922993642        16608.762955733680        3.0289756778011932E-301
   3.0680490287796482        462675.78297962539        3383383.4447432742        30190.131610080720        195690.39961318750        16421.200123267576       -8.3361594228800469E-048
   3.0923647091157052        440025.21205384785        3281935.3292863569        28680.517976082272        189568.74363548536        16234.252492875577        3.0289756501335171E-301
   3.1169653204528789        418421.78893325559        3183181.1942605344        27241.362083031268        183611.67955433941        16047.946303838800        3.3161122044472672E-301
   3.1418542016109887        397820.53328596830        3087064.2027653498        25869.653194039030        177815.77758911235        15862.307588080737        3.0289754248395828E-301
   3.1670347305341240        378178.24014976056        2993528.2318256823        24562.495768164274        172177.64982157041        15677.362144734931        3.2009800237564790E-301
   3.1925103247491031        359453.41458885319        2902517.8741826662        23317.105559074455        166693.95011800600        15493.135515524014        4.0379704921520255E-301
   3.2182844418293040        341606.20876938442        2813978.4399323654        22130.805835851654        161361.37407137008        15309.652960974199        5.4707703985823427E-302
   3.2443605798639292        324598.36135516589        2727855.9580300041        21001.023721895013        156176.65896191658        15126.939437463396        3.0289758042819985E-301
   3.2707422779327717        308393.13912857120        2644097.1776708793        19925.286648036606        151136.58373518471        14945.019575148779        4.0342650037607411E-301
   3.2974331165865394        292955.28074433631        2562649.5695498204        18901.218916049420        146237.96899568653        14763.917656796713        4.0356121271032175E-301
   3.3244367183328127        278250.94252620288        2483461.3269863953        17926.538368649886        141477.67701321506        14583.657597423753        2.0271101894064430E-223
   3.3517567481276958        264247.64622273238        2406481.3669152237        16999.053162526692        136852.61174037904        14404.262924781511        5.3026404521813415E-301
   3.3793969138732258        250914.22863933694        2331659.3307182728        16116.658640784221        132359.71883817200        14225.756760580996        4.0356121112931163E-301
   3.4073609669206157        238220.79306834558        2258945.5848818887        15277.334301431338        127995.98570703427        14048.161802407954        3.0289754643648342E-301
   3.4356527025793899        226138.66243911826        2188291.2214271585        14479.140858465835        123758.44151901602        13871.500306094062        3.2009800237564790E-301
   3.4642759606324871        214640.33412094819        2119648.0581289339        13720.217392683984        119644.15725037470        13695.794068682253        3.0289758042819985E-301
   3.4932346258574021        203699.43627433039        2052968.6381927498        12998.778586873788        115650.24569417274        13521.064410384141        4.0342650037607411E-301
   3.5225326285534266        193290.68571955347        1988206.2297052671        12313.112044679188        111773.86146943895        13347.332157642135        3.0289758042819985E-301
   3.5521739450750793        183389.84703610581        1925314.8227983713        11661.575675947652        108012.20090732585        13174.617616308735        4.0342650037607411E-301
   3.5821625983717778        173973.69312754259        1864249.1275755209        11042.595164487668        104362.50198482450        13002.940554979003        4.0356095816770100E-301
   3.6125026585338365        165019.96616857985        1804964.5618390408        10454.661450834605        100822.04368473885        12832.320128896303        2.0271101894064430E-223
   3.6431982433448655        156507.34313980574        1747417.2692702643        9896.3284996669099        97388.147103565250        12662.774978600812        5.3026391952783385E-301
   3.6742535188406387        148415.41227129681        1691564.1937099535        9366.2117804425543        94058.180008483221        12494.323387881701        4.0356095658669096E-301
   3.7056726998745133        140724.75866492977        1637364.0697687285        8862.9937937536470        90829.614702174207        12326.987695391519        3.0289755038900860E-301
   3.7374600506894740        133417.53067142644        1584782.2167550656        8385.4608418414446        87700.309764171005        12160.813481847430        3.2009800237564790E-301
   3.7696198854968794        126473.98790202213        1533763.3847209245        7932.2786855811901        84666.916000259895        11995.759789403362        4.0379704921520255E-301
   3.8021565690619914        119877.62776298872        1484272.3091269222        7502.3258803678164        81727.258385612236        11831.861758079218        5.4707703985823427E-302
   3.8350745172963681        113612.21522233372        1436270.8632998348        7094.5004283904509        78878.993349707409        11669.140168796899        3.0289758042819985E-301
   3.8683781978571918        107662.19536871242        1389721.5403952440        6707.7465508739506        76119.812883569612        11507.615918682728        4.0342650037607411E-301
   3.9020721307536261        102012.34423629954        1344584.3201152359        6341.0323435705168        73447.264370454723        11347.293140118762        4.0356097397780165E-301
   3.9361608889602739        96648.878445347451        1300827.3998656233        5993.4206777436320        70859.369343755840        11188.215512090301        2.0271101894064430E-223
   3.9706490990378316        91556.601045284944        1258399.4520880280        5663.8872604007083        68353.030327729735        11030.313759265071        5.3026391952783385E-301
   4.0055414417610056        86726.208204143739        1217303.8583889410        5351.7845184096559        65928.279417698563        10873.830259253858        4.0356097239679161E-301
   4.0408426527537920        82135.245347246819        1177399.6599159027        5055.6366459304791        63576.928514526044        10718.133871125261        3.0289755434153378E-301
   4.0765575231322035        77766.679453279401        1138565.2861815318        4774.3364515704889        61292.174559104678        10562.402824314324        3.2009800237564790E-301
   4.1125850510704227        73595.714313921009        1100548.5795608154        4506.3197805927339        59060.185634521040        10404.585098992022        3.9879797285381577E-301
   4.1487172021197294        69724.589576585160        1064598.7525850376        4257.9424879185035        56951.553021844207        10252.875046420451        3.2013951258545392E-301
   4.1848493531690352        65962.783967107520        1028539.6064814167        4017.2838368749403        54844.014909453443        10092.351851928386        0.0000000000000000     
   4.2209815042183418        62312.390909727968        992369.04782568000        3784.5011246818844        52738.288855350947        9922.1406603019586        4.0356062496982942E-301
