1.000000000000000000e+00 8.345691748869511257e-16 1.515943288565393676e-01 0.000000000000000000e+00
1.030722406522087020e+00 6.447541194129881122e-16 1.847003569091348052e-01 2.368117823636969321e-01
1.062388679306682349e+00 5.019451764644767673e-16 2.233171829765838168e-01 3.643717612245679360e-01
1.095027816196805448e+00 3.936824767894582576e-16 2.680087094000060954e-01 4.473900365074856555e-01
1.128669705918996957e+00 3.110018203000365327e-16 3.193365481514868764e-01 5.146058009938166977e-01
1.163345155453404667e+00 2.474048215480982659e-16 3.778504676754698144e-01 5.720895950269982988e-01
1.199085918244744642e+00 1.981457764679679099e-16 4.440786246685659022e-01 6.218456506551157670e-01
1.235924723279969717e+00 1.597340429717368946e-16 5.185179204896205318e-01 6.641675897412593343e-01
1.273895305059274952e+00 1.295842048824948142e-16 6.016248302823122840e-01 7.010742490745354161e-01
1.313032434487883870e+00 1.057683387684050437e-16 6.938070410798847787e-01 7.333415655366342101e-01
1.353371950716906413e+00 8.683934087956294144e-17 7.954162029314626459e-01 7.616306457324026891e-01
1.394950793962421054e+00 7.170406267651096273e-17 9.067420460779356262e-01 7.861477445873704673e-01
1.437807039332842596e+00 5.953160171986203309e-17 1.028008050868876699e+00 8.075708884597497805e-01
1.481979931695544428e+00 4.968657348314921168e-17 1.159368780434806068e+00 8.264211132853699349e-01
1.527509921614669697e+00 4.168025125962122292e-17 1.300908905095646828e+00 8.429826038965091417e-01
1.574438702393036849e+00 3.513456859635274228e-17 1.452643868390831594e+00 8.574836699354351222e-01
1.622809248252062853e+00 2.975543882095374009e-17 1.614522073328624741e+00 8.702639746339890792e-01
1.672665853684665249e+00 2.531286457481997780e-17 1.786428408759138886e+00 8.815640812330577392e-01
1.724054174017179308e+00 2.162602502793021553e-17 1.968188892911248988e+00 8.916051360383310254e-01
1.777021267217435918e+00 1.855203324718215563e-17 2.159576185559117345e+00 9.005712671101069322e-01
1.831615636987284246e+00 1.597741486276674304e-17 2.360315711728488086e+00 9.086047232051924771e-01
1.887887277179018941e+00 1.381161553178386135e-17 2.570092146578715653e+00 9.158304241613773877e-01
1.945887717576388898e+00 1.198202898118708448e-17 2.788556030313053213e+00 9.223266217499809239e-01
2.005670071082106709e+00 1.043017063228743008e-17 3.015330310306681305e+00 9.281721669671748609e-01
2.067289082355074026e+00 9.108718645359740641e-18 3.250016641603738599e+00 9.334466012862782103e-01
2.130801177941858970e+00 7.979214990371832736e-18 3.492201313271194874e+00 9.382263051168033829e-01
2.196264517948330663e+00 7.010271137574108501e-18 3.741460704063925391e+00 9.425795425908618519e-01
2.263739049298774564e+00 6.176161348723380383e-18 3.997366204349315222e+00 9.465601869567162874e-01
2.333286560631254503e+00 5.455715035662808951e-18 4.259488570834325749e+00 9.502041448826868963e-01
2.404970738879490089e+00 4.831440894472342961e-18 4.527401705532256848e+00 9.535578022079082006e-01
2.478857227593069812e+00 4.288831437934237321e-18 4.800685870328159410e+00 9.566443554270458449e-01
2.555013687049397575e+00 3.815808527602141228e-18 5.078930363581992680e+00 9.594825779745956851e-01
2.633509856212425504e+00 3.402279563321034772e-18 5.361735695858658168e+00 9.620931132696415311e-01
2.714417616594906768e+00 3.039780865382373946e-18 5.648715308671397928e+00 9.644979133686955031e-01
2.797811058082650071e+00 2.721190029257457065e-18 5.939496883721857579e+00 9.667194700633007232e-01
2.883766546781055595e+00 2.440493049196042498e-18 6.233723291173447478e+00 9.687797947896742423e-01
2.972362794946058262e+00 2.192595095070938173e-18 6.531053224619096653e+00 9.706990962296008219e-01
3.063680933063517742e+00 1.973166210597920362e-18 6.831161568144588081e+00 9.724940958352598086e-01
3.157804584143061977e+00 1.778515048197705535e-18 7.133739537704588685e+00 9.741759115370062228e-01
3.254819940294415126e+00 1.605485192471765674e-18 7.438494635294121693e+00 9.757476281356212144e-01
3.354815841656335174e+00 1.451369745839180669e-18 7.745150450405977161e+00 9.772204546389396951e-01
3.457883857750438494e+00 1.313840728594960985e-18 8.053446339232513296e+00 9.786046902939081749e-01
3.564118371334410007e+00 1.190890536510985027e-18 8.363137008156614982e+00 9.799031714407615556e-01
3.673616664831384604e+00 1.080783244140068438e-18 8.673992024385471566e+00 9.811194669636040810e-01
3.786479009414648100e+00 9.820139734326900065e-19 8.985795273178766251e+00 9.822578378102281293e-01
3.902808756829234227e+00 8.932748899392960920e-19 9.298344378043477576e+00 9.833231645899689344e-01
4.022712434034502849e+00 8.134266619046264953e-19 9.611450097522670433e+00 9.843208356337544984e-01
4.146299840754364752e+00 7.414744358075271639e-19 9.924935709790723593e+00 9.852565865235262121e-01
4.273684150024484651e+00 6.765475569008892894e-19 1.023863639416631166e+01 9.861362805022533262e-01
4.404982011828536770e+00 6.178824040630306387e-19 1.055239861684615477e+01 9.869656173284346856e-01
4.540313659918413514e+00 5.648078218280749101e-19 1.086607952661766774e+01 9.877497560032755253e-01
4.679803021916211669e+00 5.167327243470955956e-19 1.117954636500752486e+01 9.884928343324493882e-01
4.823577832798812359e+00 4.731355205983734129e-19 1.149267589422296076e+01 9.891973654393503290e-01
4.971769751868985843e+00 4.335550708506937451e-19 1.180535384533868282e+01 9.898634889140762727e-01
5.124514483320120384e+00 3.975829339129120557e-19 1.211747438842756353e+01 9.904939630000565431e-01
5.281951900505003294e+00 3.648567052383297695e-19 1.242893962572226840e+01 9.910926668344628432e-01
5.444226174022428033e+00 3.350542792179633336e-19 1.273965910839748794e+01 9.916596564576590778e-01
5.611485903738931746e+00 3.078888963692657693e-19 1.304954937716542496e+01 9.921952290061811786e-01
5.783884254866560326e+00 2.831048587096626284e-19 1.335853352656257087e+01 9.926999325661413076e-01
5.961579098221268858e+00 2.604738152836251812e-19 1.366654079256088217e+01 9.931745715489085358e-01
6.144733154790399610e+00 2.397915353019009939e-19 1.397350616294935932e+01 9.936202062024300785e-01
6.333514144741617002e+00 2.208750992285693085e-19 1.427937000979218851e+01 9.940381445986513631e-01
6.528094941009756624e+00 2.035604488827439935e-19 1.458407774316889771e+01 9.944299251193691180e-01
6.728653727602238455e+00 1.877002465860911341e-19 1.488757948533310049e+01 9.947972870926717892e-01
6.935374162767990569e+00 1.731620008934335429e-19 1.518982976438276999e+01 9.951421268020408384e-01
7.148445547179327342e+00 1.598264227433176141e-19 1.549078722651228546e+01 9.954664355912659079e-01
7.368062997280773629e+00 1.475859811644764379e-19 1.579041436590969205e+01 9.957722162103337382e-01
7.594427623963580842e+00 1.363436321414647357e-19 1.608867727136860282e+01 9.960613728787031107e-01
7.827746716729556908e+00 1.260116980171369157e-19 1.638554538870009480e+01 9.963355697695571722e-01
8.068233933512853895e+00 1.165108780054175811e-19 1.668099129805300151e+01 9.965960517265114449e-01
8.316109496333533357e+00 1.077693730993540415e-19 1.697499050527980557e+01 9.968440006097449846e-01
8.571600392962080761e+00 9.972211096485878348e-20 1.726752124651772036e+01 9.970799568454151718e-01
8.834940584779543471e+00 9.231005837463214876e-20 1.755856430518975841e+01 9.973034632763931873e-01
9.106371221023625395e+00 8.547961041335519643e-20 1.784810284066726283e+01 9.975141325866417885e-01
9.386140859616947552e+00 7.918204711921318387e-20 1.813612222787276806e+01 9.977116674797278373e-01
9.674505694779670151e+00 7.337304945559597008e-20 1.842260990713961988e+01 9.978958777013187120e-01
9.971729791634937001e+00 6.801226756174902533e-20 1.870755524368215461e+01 9.980666989910819131e-01
1.027808532802194996e+01 6.306293513846874796e-20 1.899094939606640509e+01 9.982242141300768923e-01
1.059385284373814073e+01 5.849152460669683827e-20 1.927278519310700844e+01 9.983686762594422559e-01
1.091932149743862901e+01 5.426743835163391233e-20 1.955305701865004409e+01 9.985005346557849215e-01
1.125478933142830407e+01 5.036273194839855919e-20 1.983176070373440680e+01 9.986204631580160029e-01
1.160056354458889061e+01 4.675186577053283208e-20 2.010889342565566906e+01 9.987293914492588742e-01
1.195696077369105659e+01 4.341148182097441820e-20 2.038445361348632190e+01 9.988285394056407585e-01
1.232430738334903708e+01 4.032020300597789972e-20 2.065844085963444243e+01 9.989194547309894201e-01
1.270293976488344789e+01 3.745845240391302632e-20 2.093085583704987229e+01 9.990040541023501586e-01
1.309320464436577858e+01 3.480829036977517193e-20 2.120170022171204138e+01 9.990846680554150705e-01
1.349545940012686529e+01 3.235326756843350922e-20 2.147097662005747409e+01 9.991640898409325233e-01
1.391007239001988083e+01 3.007829225012672336e-20 2.173868850102744688e+01 9.992415101452147841e-01
1.433742328873773353e+01 2.796951027475052798e-20 2.200484013243724490e+01 9.993137844838118067e-01
1.477790343549356855e+01 2.601419656073094082e-20 2.226943652138803031e+01 9.993807531258542820e-01
1.523191619238295225e+01 2.420065678287443559e-20 2.253248335846105022e+01 9.994423103159832955e-01
1.569987731375569595e+01 2.251813827423710847e-20 2.279398696545082359e+01 9.994984168754860177e-01
1.618221532693579334e+01 2.095674920207137746e-20 2.305395424641049473e+01 9.995491149836724931e-01
1.667937192463785934e+01 1.950738518930596833e-20 2.331239264179706083e+01 9.995945452723576929e-01
1.719180236943967444e+01 1.816166264250774429e-20 2.356931008551887885e+01 9.996349665561384823e-01
1.771997591068097222e+01 1.691185812637259277e-20 2.382471496470039085e+01 9.996707785640946975e-01
1.826437621417049684e+01 1.575085319477880340e-20 2.407861608199166170e+01 9.997025480870838088e-01
1.882550180509458571e+01 1.467208415044299173e-20 2.433102262026157447e+01 9.997310390096570965e-01
1.940386652453297955e+01 1.366949626021610492e-20 2.458194410952413378e+01 9.997572467576220090e-01
2.000000000000000355e+01 1.273750200189559090e-20 2.483139039595736364e+01 9.997824377623307779e-01
