Mp (Mj), Rp (Rj), Mdots (g/s), Rsp (Rp), RXUV (Rp), cond
8.58191e+29,5.00684e+09,8.65e+10,0.30,4.82,1.42,0
2.65383e+30,1.21504e+10,2.35e+11,0.30,3.61,1.42,0
4.13802e+29,1.31709e+10,4.75e+12,0.33,2.31,1.43,0
1.54898e+29,6.28246e+09,1.80e+12,0.33,2.86,1.61,0
3.46536e+29,6.79272e+09,9.96e+11,0.33,1.88,1.21,0
1.09357e+30,5.00684e+09,3.19e+10,0.30,6.36,1.42,0
6.47785e+29,2.96583e+09,1.03e+10,0.30,8.94,1.42,0
5.01888e+29,3.73121e+09,1.02e+11,0.30,3.88,1.42,0
5.15737e+29,1.01093e+10,1.92e+12,0.32,1.83,1.20,0
1.36337e+30,1.29157e+10,8.33e+11,0.37,2.15,1.09,0
4.14943e+29,1.03645e+10,2.42e+12,0.32,1.93,1.28,0
4.25157e+29,1.06196e+10,2.52e+12,0.32,1.94,1.28,0
8.79377e+29,6.53759e+09,2.80e+11,0.30,3.11,1.42,0
1.01665e+30,7.55809e+09,3.64e+11,0.30,2.94,1.42,0
9.68759e+28,5.00684e+09,2.13e+12,0.33,3.97,2.05,0
2.77670e+28,1.43508e+09,2.70e+11,0.33,4.16,2.04,0
3.49678e+29,1.11298e+10,3.36e+12,0.33,2.23,1.40,0
1.06749e+29,5.51709e+09,2.53e+12,0.33,3.96,2.06,0
8.58575e+29,1.03645e+10,1.28e+12,0.36,1.97,1.11,0
1.42845e+30,1.06196e+10,6.78e+11,0.30,2.58,1.42,0
8.20668e+28,4.24146e+09,1.57e+12,0.33,3.97,2.03,0
1.20803e+30,7.04784e+09,1.70e+11,0.30,3.98,1.42,0
1.51413e+30,8.83372e+09,2.67e+11,0.30,3.52,1.42,0
2.68123e+29,1.08747e+10,5.79e+12,0.33,3.17,1.74,0
1.25565e+30,1.18952e+10,7.14e+11,0.37,2.21,1.09,0
6.06845e+29,1.18952e+10,2.54e+12,0.32,1.81,1.21,0
6.83273e+29,3.98634e+09,5.53e+10,0.30,5.48,1.42,0
9.00844e+29,1.08747e+10,1.39e+12,0.36,1.95,1.11,0
2.31092e+29,5.77221e+09,8.92e+11,0.33,2.01,1.28,0
1.42667e+30,8.32347e+09,2.37e+11,0.30,3.64,1.42,0
1.17156e+29,4.75171e+09,1.13e+12,0.33,2.89,1.62,0
2.66819e+29,3.22096e+09,1.89e+11,0.38,2.23,1.13,0
8.72798e+29,1.34260e+10,2.66e+12,0.32,1.79,1.15,0
9.19395e+28,4.75171e+09,1.90e+12,0.33,3.94,2.04,0
1.57305e+29,5.00684e+09,8.80e+11,0.33,2.33,1.40,0
6.73474e+29,5.00684e+09,1.74e+11,0.30,3.45,1.42,0
2.37460e+29,7.55809e+09,1.72e+12,0.33,2.25,1.39,0
6.04965e+29,7.30297e+09,7.19e+11,0.36,2.06,1.12,0
9.26402e+29,4.24146e+09,2.23e+10,0.30,7.08,1.42,0
3.74087e+29,9.34397e+09,1.98e+12,0.32,1.92,1.27,0
2.51520e+29,6.28246e+09,1.03e+12,0.33,2.00,1.28,0
3.98598e+29,7.81322e+09,1.26e+12,0.33,1.87,1.21,0
2.11510e+29,8.57859e+09,3.21e+12,0.33,2.92,1.65,0
9.86338e+29,9.34397e+09,4.58e+11,0.37,2.39,1.09,0
1.15391e+30,8.57859e+09,4.58e+11,0.30,2.80,1.42,0
5.17083e+29,1.29157e+10,3.58e+12,0.32,1.93,1.30,0
4.72397e+28,1.17996e+09,7.02e+10,0.33,2.40,1.30,0
2.89708e+29,1.69021e+09,1.01e+10,0.30,9.05,1.42,0
2.82162e+29,7.04784e+09,1.24e+12,0.33,1.98,1.28,0
5.73851e+28,2.96583e+09,8.47e+11,0.34,3.94,2.01,0
2.32278e+29,2.20046e+09,3.57e+10,0.37,3.74,1.10,0
2.29445e+29,7.30297e+09,1.62e+12,0.33,2.25,1.39,0
2.25974e+29,3.47608e+09,2.45e+11,0.36,2.10,1.16,0
1.26462e+29,1.94533e+09,9.43e+10,0.36,2.29,1.17,0
3.72490e+29,4.49659e+09,3.23e+11,0.38,2.16,1.12,0
3.93624e+29,4.75171e+09,3.54e+11,0.38,2.15,1.12,0
6.76677e+28,1.69021e+09,1.28e+11,0.33,2.32,1.31,0
6.36239e+29,6.02734e+09,2.08e+11,0.38,2.75,1.09,0
7.56702e+29,1.16401e+10,1.81e+12,0.35,1.93,1.15,0
5.54783e+29,1.08747e+10,2.18e+12,0.32,1.82,1.20,0
9.82125e+29,4.49659e+09,2.53e+10,0.30,6.82,1.42,0
5.41563e+29,6.53759e+09,5.98e+11,0.36,2.08,1.12,0
9.59407e+29,9.08884e+09,4.35e+11,0.37,2.41,1.09,0
4.14758e+29,5.00684e+09,3.87e+11,0.38,2.14,1.12,0
1.32550e+30,9.85422e+09,5.90e+11,0.30,2.65,1.42,0
2.71948e+29,6.79272e+09,1.17e+12,0.33,1.99,1.28,0
5.78367e+29,1.44465e+10,4.32e+12,0.32,1.91,1.29,0
7.94146e+28,3.22096e+09,6.09e+11,0.33,2.99,1.62,0
1.77335e+29,3.47608e+09,3.33e+11,0.33,1.97,1.22,0
3.51355e+29,4.24146e+09,2.93e+11,0.38,2.17,1.12,0
2.05220e+29,8.32347e+09,3.00e+12,0.33,2.90,1.63,0
2.20804e+30,1.01093e+10,1.53e+11,0.30,4.06,1.42,0
1.39030e+30,1.31709e+10,8.64e+11,0.37,2.14,1.09,0
6.89502e+29,8.32347e+09,8.97e+11,0.36,2.03,1.12,0
1.01812e+29,5.26196e+09,2.38e+12,0.33,4.01,2.08,0
1.49802e+30,1.41914e+10,9.94e+11,0.37,2.09,1.09,0
6.68368e+29,8.06834e+09,8.51e+11,0.36,2.03,1.12,0
9.32477e+29,8.83372e+09,4.13e+11,0.37,2.43,1.09,0
4.50659e+29,8.83372e+09,1.53e+12,0.32,1.84,1.20,0
4.47723e+29,4.24146e+09,1.15e+11,0.38,3.04,1.10,0
2.92376e+29,7.30297e+09,1.32e+12,0.33,1.98,1.28,0
2.17801e+29,8.83372e+09,3.44e+12,0.33,2.97,1.65,0
2.37521e+30,1.08747e+10,1.81e+11,0.30,3.87,1.42,0
7.31770e+29,8.83372e+09,9.91e+11,0.36,2.01,1.12,0
9.19952e+28,3.73121e+09,7.77e+11,0.33,3.00,1.63,0
3.25485e+29,5.00684e+09,4.51e+11,0.36,2.05,1.16,0
1.36027e+29,5.51709e+09,1.42e+12,0.33,2.86,1.61,0
1.82282e+29,2.20046e+09,9.97e+10,0.38,2.31,1.13,0
1.46277e+30,1.08747e+10,7.08e+11,0.30,2.55,1.42,0
5.92061e+29,2.71071e+09,8.44e+09,0.30,9.48,1.42,0
5.28516e+29,5.00684e+09,1.50e+11,0.38,2.91,1.09,0
5.42536e+28,2.20046e+09,3.36e+11,0.33,3.10,1.63,0
4.63675e+29,9.08884e+09,1.60e+12,0.32,1.84,1.20,0
6.26099e+29,7.55809e+09,7.62e+11,0.36,2.05,1.12,0
6.09308e+29,5.77221e+09,1.93e+11,0.38,2.79,1.09,0
9.32920e+28,1.43508e+09,5.68e+10,0.36,2.37,1.16,0
1.35982e+30,1.01093e+10,6.19e+11,0.30,2.63,1.42,0
1.12258e+29,2.20046e+09,1.57e+11,0.33,2.07,1.21,0
1.38289e+29,2.71071e+09,2.21e+11,0.33,2.02,1.21,0
9.39139e+29,1.44465e+10,2.55e+12,0.35,1.87,1.14,0
5.20429e+29,6.28246e+09,5.56e+11,0.36,2.09,1.12,0
2.08262e+30,1.21504e+10,5.13e+11,0.30,2.97,1.42,0
5.74264e+29,8.83372e+09,1.14e+12,0.35,1.96,1.15,0
1.38295e+30,8.06834e+09,2.23e+11,0.30,3.70,1.42,0
1.28258e+30,1.21504e+10,7.44e+11,0.37,2.20,1.09,0
4.67571e+29,3.47608e+09,9.01e+10,0.30,3.99,1.42,0
2.05398e+29,6.53759e+09,1.37e+12,0.33,2.29,1.40,0
3.02590e+29,7.55809e+09,1.40e+12,0.33,1.97,1.28,0
3.72567e+29,7.30297e+09,1.13e+12,0.33,1.88,1.21,0
3.15534e+30,1.44465e+10,3.56e+11,0.30,3.24,1.42,0
1.31430e+29,6.79272e+09,4.40e+12,0.33,4.32,2.21,0
3.33647e+29,1.06196e+10,3.08e+12,0.33,2.23,1.40,0
1.73278e+30,1.01093e+10,3.51e+11,0.30,3.27,1.42,0
7.10636e+29,8.57859e+09,9.43e+11,0.36,2.02,1.12,0
4.24891e+29,1.94533e+09,4.05e+09,0.30,11.81,1.42,0
1.56572e+30,1.16401e+10,8.03e+11,0.30,2.49,1.42,0
1.55786e+30,9.08884e+09,2.83e+11,0.30,3.47,1.42,0
7.31244e+28,2.96583e+09,5.33e+11,0.33,2.99,1.62,0
2.13414e+29,6.79272e+09,1.47e+12,0.33,2.28,1.41,0
1.51304e+29,2.96583e+09,2.57e+11,0.33,2.00,1.22,0
4.91338e+29,7.55809e+09,8.84e+11,0.35,1.97,1.15,0
1.00651e+30,1.21504e+10,1.68e+12,0.36,1.92,1.11,0
3.89755e+29,1.24055e+10,4.19e+12,0.33,2.27,1.42,0
5.41094e+29,8.32347e+09,1.04e+12,0.35,1.97,1.15,0
2.27351e+29,1.69021e+09,2.45e+10,0.30,5.38,1.42,0
1.40014e+29,1.69021e+09,6.37e+10,0.38,2.38,1.12,0
4.55799e+29,1.13850e+10,2.86e+12,0.32,1.93,1.29,0
6.90361e+29,1.06196e+10,1.55e+12,0.35,1.94,1.15,0
1.16430e+30,6.79272e+09,1.58e+11,0.30,4.07,1.42,0
6.07434e+29,9.34397e+09,1.26e+12,0.35,1.95,1.15,0
6.73775e+29,1.03645e+10,1.49e+12,0.35,1.94,1.15,0
7.52904e+29,9.08884e+09,1.04e+12,0.36,2.01,1.12,0
6.72578e+28,3.47608e+09,1.13e+12,0.33,3.98,2.04,0
1.20178e+30,1.13850e+10,6.59e+11,0.37,2.24,1.09,0
9.82854e+28,3.98634e+09,8.41e+11,0.33,2.94,1.61,0
5.57679e+29,8.57859e+09,1.09e+12,0.35,1.96,1.15,0
1.08524e+29,2.71071e+09,2.71e+11,0.33,2.19,1.30,0
2.25754e+30,1.31709e+10,6.08e+11,0.30,2.84,1.42,0
1.29549e+30,7.55809e+09,1.95e+11,0.30,3.83,1.42,0
1.49289e+29,4.75171e+09,8.27e+11,0.33,2.36,1.42,0
4.57026e+29,5.51709e+09,4.48e+11,0.36,2.12,1.12,0
5.06869e+29,1.26606e+10,3.45e+12,0.32,1.93,1.29,0
1.02765e+30,1.24055e+10,1.74e+12,0.36,1.92,1.11,0
1.52495e+30,1.44465e+10,1.03e+12,0.37,2.08,1.09,0
2.42412e+29,4.75171e+09,5.45e+11,0.33,1.92,1.21,0
3.91826e+29,6.02734e+09,6.13e+11,0.36,2.02,1.16,0
5.95814e+29,3.47608e+09,4.23e+10,0.30,5.93,1.42,0
3.07490e+29,6.02734e+09,8.07e+11,0.33,1.89,1.21,0
1.05096e+30,7.81322e+09,3.87e+11,0.30,2.90,1.42,0
1.77162e+30,1.31709e+10,1.01e+12,0.30,2.37,1.42,0
1.03785e+30,4.75171e+09,2.85e+10,0.30,6.58,1.42,0
2.95985e+29,2.20046e+09,3.93e+10,0.30,4.82,1.42,0
4.16730e+28,1.69021e+09,2.23e+11,0.33,3.17,1.63,0
5.24487e+28,2.71071e+09,7.44e+11,0.34,4.00,2.04,0
2.10664e+29,5.26196e+09,7.65e+11,0.33,2.03,1.28,0
1.53936e+30,7.04784e+09,6.77e+10,0.30,5.10,1.42,0
1.89367e+29,6.02734e+09,1.20e+12,0.33,2.31,1.40,0
5.70523e+29,4.24146e+09,1.29e+11,0.30,3.69,1.42,0
6.47234e+29,7.81322e+09,8.06e+11,0.36,2.04,1.12,0
2.42962e+29,9.85422e+09,4.32e+12,0.33,2.99,1.66,0
1.90889e+30,1.41914e+10,1.17e+12,0.30,2.31,1.42,0
5.57939e+29,1.39362e+10,4.03e+12,0.32,1.91,1.28,0
5.41767e+29,1.06196e+10,2.09e+12,0.32,1.82,1.20,0
1.94321e+30,1.44465e+10,1.21e+12,0.30,2.29,1.42,0
1.25687e+30,9.34397e+09,5.36e+11,0.30,2.71,1.42,0
3.41662e+29,1.08747e+10,3.21e+12,0.33,2.23,1.40,0
1.33258e+29,4.24146e+09,6.86e+11,0.33,2.39,1.41,0
1.87457e+30,1.39362e+10,1.13e+12,0.30,2.32,1.42,0
3.09087e+29,3.73121e+09,2.36e+11,0.38,2.20,1.12,0
6.19860e+29,1.21504e+10,2.63e+12,0.32,1.81,1.21,0
4.99295e+29,6.02734e+09,5.20e+11,0.36,2.10,1.12,0
5.36206e+29,3.98634e+09,1.15e+11,0.30,3.78,1.42,0
3.59551e+29,7.04784e+09,1.06e+12,0.33,1.88,1.21,0
1.04878e+30,1.26606e+10,1.80e+12,0.36,1.91,1.11,0
1.31647e+30,6.02734e+09,4.79e+10,0.30,5.64,1.42,0
1.24555e+29,1.17996e+09,1.15e+10,0.35,4.61,1.09,0
3.40000e+29,3.22096e+09,7.07e+10,0.38,3.32,1.10,0
2.87672e+30,1.31709e+10,2.85e+11,0.30,3.43,1.42,0
1.28952e+29,3.22096e+09,3.50e+11,0.33,2.15,1.29,0
1.65320e+29,5.26196e+09,9.55e+11,0.33,2.32,1.40,0
2.61507e+29,8.32347e+09,2.03e+12,0.33,2.24,1.40,0
4.04729e+29,1.01093e+10,2.32e+12,0.32,1.93,1.28,0
1.99516e+30,1.16401e+10,4.70e+11,0.30,3.03,1.42,0
1.09406e+30,1.03645e+10,5.53e+11,0.37,2.31,1.09,0
8.37441e+29,1.01093e+10,1.23e+12,0.36,1.97,1.11,0
7.43961e+29,7.04784e+09,2.75e+11,0.38,2.61,1.09,0
1.65081e+30,7.55809e+09,7.91e+10,0.30,4.88,1.42,0
2.70955e+30,1.24055e+10,2.47e+11,0.30,3.56,1.42,0
2.17008e+30,1.26606e+10,5.59e+11,0.30,2.90,1.42,0
9.64246e+29,1.16401e+10,1.56e+12,0.36,1.94,1.11,0
2.42559e+29,3.73121e+09,2.75e+11,0.36,2.09,1.16,0
2.21381e+30,1.29157e+10,5.83e+11,0.30,2.87,1.42,0
3.30303e+29,2.45558e+09,4.82e+10,0.30,4.60,1.42,0
3.84301e+29,9.59910e+09,2.07e+12,0.32,1.92,1.27,0
1.43048e+29,2.20046e+09,1.15e+11,0.36,2.26,1.17,0
1.01196e+29,3.22096e+09,4.48e+11,0.33,2.47,1.43,0
1.23447e+29,5.00684e+09,1.24e+12,0.33,2.91,1.62,0
9.43112e+29,1.13850e+10,1.50e+12,0.36,1.94,1.11,0
2.15232e+30,9.85422e+09,1.44e+11,0.30,4.12,1.42,0
1.86349e+29,7.55809e+09,2.46e+12,0.33,2.84,1.62,0
8.24754e+29,7.81322e+09,3.31e+11,0.37,2.53,1.09,0
1.22255e+30,9.08884e+09,5.09e+11,0.30,2.74,1.42,0
1.90770e+30,1.11298e+10,4.28e+11,0.30,3.11,1.42,0
3.97771e+29,1.26606e+10,4.38e+12,0.33,2.27,1.42,0
1.29118e+30,9.59910e+09,5.63e+11,0.30,2.68,1.42,0
3.93862e+29,3.73121e+09,9.18e+10,0.38,3.17,1.10,0
1.68905e+30,9.85422e+09,3.33e+11,0.30,3.32,1.42,0
4.66013e+29,1.16401e+10,2.97e+12,0.32,1.93,1.29,0
1.81351e+29,5.77221e+09,1.12e+12,0.33,2.30,1.40,0
1.20502e+30,5.51709e+09,3.95e+10,0.30,5.97,1.42,0
2.59208e+29,2.45558e+09,4.35e+10,0.38,3.62,1.10,0
1.69808e+29,4.24146e+09,5.49e+11,0.33,2.08,1.29,0
1.17559e+30,1.41914e+10,2.19e+12,0.36,1.88,1.11,0
2.59144e+29,3.98634e+09,3.09e+11,0.36,2.08,1.16,0
1.93034e+29,1.43508e+09,1.80e+10,0.30,5.78,1.42,0
4.78160e+29,5.77221e+09,4.83e+11,0.36,2.11,1.12,0
2.31949e+30,1.06196e+10,1.72e+11,0.30,3.93,1.42,0
4.58167e+29,7.04784e+09,7.88e+11,0.35,1.98,1.15,0
6.97953e+29,1.36811e+10,3.24e+12,0.32,1.79,1.21,0
5.37511e+29,1.34260e+10,3.85e+12,0.32,1.93,1.30,0
2.76527e+30,1.26606e+10,2.59e+11,0.30,3.52,1.42,0
1.12057e+30,6.53759e+09,1.46e+11,0.30,4.15,1.42,0
1.30951e+30,1.24055e+10,7.72e+11,0.37,2.18,1.09,0
1.59594e+29,3.98634e+09,4.96e+11,0.33,2.10,1.29,0
1.12099e+30,1.06196e+10,5.78e+11,0.37,2.29,1.09,0
5.62697e+29,6.79272e+09,6.38e+11,0.36,2.07,1.12,0
4.76227e+29,1.18952e+10,3.09e+12,0.32,1.93,1.29,0
1.48364e+30,6.79272e+09,6.24e+10,0.30,5.23,1.42,0
9.77455e+28,1.17996e+09,3.51e+10,0.34,2.49,1.12,0
4.35892e+29,5.26196e+09,4.20e+11,0.38,2.13,1.12,0
6.39157e+29,4.75171e+09,1.58e+11,0.30,3.52,1.42,0
1.18823e+30,8.83372e+09,4.83e+11,0.30,2.77,1.42,0
2.36671e+29,9.59910e+09,4.03e+12,0.33,2.97,1.65,0
4.96655e+29,1.24055e+10,3.32e+12,0.32,1.93,1.29,0
2.90925e+28,1.17996e+09,1.26e+11,0.33,3.26,1.64,0
2.03889e+30,1.18952e+10,4.91e+11,0.30,3.00,1.42,0
5.52085e+29,3.22096e+09,3.64e+10,0.30,6.19,1.42,0
4.79633e+28,1.94533e+09,2.81e+11,0.33,3.17,1.64,0
1.97382e+29,6.28246e+09,1.28e+12,0.33,2.30,1.40,0
8.70032e+28,4.49659e+09,1.70e+12,0.33,3.92,2.02,0
8.56213e+29,1.31709e+10,2.57e+12,0.32,1.80,1.15,0
3.33437e+29,1.94533e+09,1.34e+10,0.30,8.32,1.42,0
6.23214e+28,3.22096e+09,9.79e+11,0.33,3.98,2.02,0
7.23984e+29,1.41914e+10,3.46e+12,0.32,1.79,1.21,0
5.28752e+29,1.03645e+10,2.00e+12,0.32,1.82,1.20,0
1.73731e+30,1.29157e+10,9.77e+11,0.30,2.39,1.42,0
2.77538e+29,8.83372e+09,2.26e+12,0.33,2.24,1.40,0
3.04389e+30,1.39362e+10,3.27e+11,0.30,3.31,1.42,0
2.04087e+30,9.34397e+09,1.28e+11,0.30,4.26,1.42,0
4.74654e+29,4.49659e+09,1.28e+11,0.38,2.99,1.10,0
1.44416e+30,1.36811e+10,9.28e+11,0.37,2.11,1.09,0
2.21429e+29,7.04784e+09,1.56e+12,0.33,2.28,1.41,0
2.38872e+30,1.39362e+10,6.85e+11,0.30,2.76,1.42,0
1.53140e+30,1.13850e+10,7.71e+11,0.30,2.51,1.42,0
2.05347e+29,1.94533e+09,2.86e+10,0.37,3.89,1.10,0
7.36999e+29,1.44465e+10,3.57e+12,0.32,1.79,1.21,0
1.80059e+29,7.30297e+09,2.31e+12,0.33,2.83,1.61,0
7.89872e+29,1.21504e+10,1.94e+12,0.35,1.93,1.15,0
4.53879e+29,1.44465e+10,5.91e+12,0.33,2.39,1.46,0
2.20878e+29,5.51709e+09,8.27e+11,0.33,2.02,1.28,0
2.16382e+29,4.24146e+09,4.52e+11,0.33,1.93,1.20,0
1.11219e+30,1.34260e+10,1.99e+12,0.36,1.89,1.11,0
2.80703e+29,1.13850e+10,6.85e+12,0.33,3.30,1.80,0
1.77651e+30,1.03645e+10,3.70e+11,0.30,3.23,1.42,0
5.90849e+29,9.08884e+09,1.20e+12,0.35,1.96,1.15,0
3.75241e+29,5.77221e+09,5.70e+11,0.36,2.03,1.16,0
1.61148e+29,1.94533e+09,8.28e+10,0.34,2.34,1.12,0
2.54238e+30,1.16401e+10,2.13e+11,0.30,3.71,1.42,0
3.73724e+29,1.18952e+10,3.84e+12,0.33,2.24,1.41,0
3.65709e+29,1.16401e+10,3.68e+12,0.33,2.24,1.41,0
6.24020e+29,9.59910e+09,1.31e+12,0.35,1.95,1.15,0
4.20896e+29,2.45558e+09,2.13e+10,0.30,7.25,1.42,0
1.67478e+29,6.79272e+09,2.07e+12,0.33,2.86,1.63,0
3.69168e+29,1.69021e+09,2.94e+09,0.30,12.98,1.42,0
1.06992e+30,1.29157e+10,1.86e+12,0.36,1.91,1.11,0
3.57693e+29,1.13850e+10,3.52e+12,0.33,2.24,1.41,0
2.24091e+29,9.08884e+09,3.67e+12,0.33,2.98,1.66,0
1.92639e+29,7.81322e+09,2.63e+12,0.33,2.85,1.62,0
1.90351e+29,3.73121e+09,3.74e+11,0.33,1.96,1.22,0
5.83831e+29,7.04784e+09,6.76e+11,0.36,2.06,1.12,0
7.06946e+29,1.08747e+10,1.61e+12,0.35,1.94,1.15,0
3.33231e+29,8.32347e+09,1.65e+12,0.33,1.96,1.28,0
2.61668e+29,1.94533e+09,3.18e+10,0.30,5.05,1.42,0
2.85553e+29,9.08884e+09,2.37e+12,0.33,2.24,1.40,0
1.41274e+29,4.49659e+09,7.55e+11,0.33,2.37,1.42,0
2.93569e+29,9.34397e+09,2.50e+12,0.33,2.24,1.40,0
8.16307e+29,9.85422e+09,1.19e+12,0.36,1.99,1.12,0
1.19672e+30,1.44465e+10,2.25e+12,0.36,1.87,1.11,0
6.40605e+29,9.85422e+09,1.37e+12,0.35,1.95,1.15,0
1.17227e+29,3.73121e+09,5.57e+11,0.33,2.41,1.41,0
1.76225e+30,8.06834e+09,9.16e+10,0.30,4.68,1.42,0
1.25176e+30,7.30297e+09,1.82e+11,0.30,3.91,1.42,0
3.13444e+29,1.43508e+09,2.02e+09,0.30,14.50,1.42,0
4.45864e+29,1.41914e+10,5.65e+12,0.33,2.38,1.45,0
2.61832e+29,1.06196e+10,5.33e+12,0.33,3.12,1.71,0
6.63169e+29,6.28246e+09,2.24e+11,0.38,2.71,1.09,0
7.97823e+29,7.55809e+09,3.12e+11,0.37,2.56,1.09,0
2.49252e+29,1.01093e+10,4.63e+12,0.33,3.04,1.68,0
8.14462e+29,4.75171e+09,7.81e+10,0.30,4.96,1.42,0
5.07923e+29,7.81322e+09,9.33e+11,0.35,1.97,1.15,0
2.02249e+29,1.17996e+09,4.78e+09,0.30,11.32,1.42,0
5.68153e+29,1.41914e+10,4.18e+12,0.32,1.91,1.29,0
1.70653e+30,7.81322e+09,8.52e+10,0.30,4.78,1.42,0
1.47040e+30,8.57859e+09,2.52e+11,0.30,3.58,1.42,0
1.11960e+30,8.32347e+09,4.34e+11,0.30,2.83,1.42,0
7.10968e+29,1.39362e+10,3.35e+12,0.32,1.79,1.21,0
7.71305e+28,3.98634e+09,1.39e+12,0.33,3.92,2.02,0
5.08355e+29,2.96583e+09,3.10e+10,0.30,6.49,1.42,0
2.45476e+29,7.81322e+09,1.82e+12,0.33,2.24,1.39,0
9.05969e+29,1.39362e+10,2.81e+12,0.33,1.78,1.16,0
2.03416e+29,2.45558e+09,1.20e+11,0.38,2.29,1.13,0
7.07791e+29,5.26196e+09,1.90e+11,0.30,3.38,1.42,0
7.27003e+29,4.24146e+09,6.25e+10,0.30,5.29,1.42,0
1.81798e+30,8.32347e+09,9.83e+10,0.30,4.59,1.42,0
8.10743e+29,6.02734e+09,2.42e+11,0.30,3.21,1.42,0
2.75730e+29,4.24146e+09,3.42e+11,0.36,2.07,1.16,0
2.29397e+29,4.49659e+09,4.97e+11,0.33,1.92,1.20,0
4.24997e+29,6.53759e+09,6.96e+11,0.36,1.99,1.15,0
6.05438e+28,2.45558e+09,4.02e+11,0.33,3.09,1.63,0
8.57049e+28,3.47608e+09,6.90e+11,0.33,2.96,1.63,0
3.25631e+29,1.03645e+10,3.02e+12,0.33,2.26,1.41,0
4.50874e+28,1.43508e+09,1.26e+11,0.33,2.70,1.44,0
6.39544e+29,3.73121e+09,4.86e+10,0.30,5.69,1.42,0
1.29737e+29,5.26196e+09,1.31e+12,0.33,2.86,1.60,0
6.01964e+28,1.17996e+09,5.65e+10,0.34,2.24,1.22,0
3.66931e+29,3.47608e+09,8.09e+10,0.38,3.24,1.10,0
6.90100e+29,6.53759e+09,2.41e+11,0.38,2.68,1.09,0
7.59231e+29,3.47608e+09,1.45e+10,0.30,8.06,1.42,0
1.63435e+30,1.21504e+10,8.70e+11,0.30,2.45,1.42,0
2.00450e+29,5.00684e+09,7.21e+11,0.33,2.05,1.29,0
2.82100e+30,1.29157e+10,2.72e+11,0.30,3.47,1.42,0
1.39166e+29,3.47608e+09,3.96e+11,0.33,2.13,1.29,0
3.30221e+29,3.98634e+09,2.64e+11,0.38,2.19,1.12,0
1.18738e+29,2.96583e+09,3.13e+11,0.33,2.18,1.30,0
1.64320e+29,3.22096e+09,2.94e+11,0.33,1.99,1.22,0
8.39628e+29,1.29157e+10,2.48e+12,0.33,1.80,1.15,0
5.02721e+29,9.85422e+09,1.84e+12,0.32,1.83,1.20,0
2.93244e+30,1.34260e+10,2.99e+11,0.30,3.39,1.42,0
1.09212e+29,3.47608e+09,4.96e+11,0.33,2.43,1.41,0
1.87370e+30,8.57859e+09,1.05e+11,0.30,4.50,1.42,0
3.58656e+29,5.51709e+09,5.29e+11,0.36,2.03,1.16,0
2.45978e+29,1.43508e+09,7.20e+09,0.30,10.01,1.42,0
7.42109e+29,5.51709e+09,2.07e+11,0.30,3.32,1.42,0
1.73769e+29,7.04784e+09,2.15e+12,0.33,2.83,1.60,0
1.86397e+30,1.08747e+10,4.08e+11,0.30,3.15,1.42,0
1.25243e+29,3.98634e+09,6.21e+11,0.33,2.39,1.41,0
7.03508e+29,3.22096e+09,1.23e+10,0.30,8.47,1.42,0
2.86139e+29,2.71071e+09,5.18e+10,0.38,3.51,1.10,0
1.26074e+30,5.77221e+09,4.36e+10,0.30,5.80,1.42,0
5.82377e+29,5.51709e+09,1.78e+11,0.38,2.83,1.09,0
3.27033e+28,1.69021e+09,3.58e+11,0.33,4.16,2.06,0
7.67067e+28,1.17996e+09,4.10e+10,0.37,2.43,1.16,0
7.23531e+29,1.11298e+10,1.67e+12,0.35,1.94,1.15,0
1.04576e+29,4.24146e+09,9.33e+11,0.33,2.92,1.61,0
1.41723e+30,1.34260e+10,8.96e+11,0.37,2.13,1.09,0
1.21558e+29,6.28246e+09,3.59e+12,0.33,4.21,2.16,0
9.82329e+29,7.30297e+09,3.42e+11,0.30,2.98,1.42,0
1.98930e+29,8.06834e+09,2.81e+12,0.33,2.90,1.63,0
7.21941e+28,3.73121e+09,1.23e+12,0.33,3.91,2.01,0
2.28306e+28,1.17996e+09,1.99e+11,0.33,4.20,2.05,0
4.75124e+28,2.45558e+09,6.25e+11,0.33,4.01,2.02,0
1.09877e+29,1.69021e+09,7.46e+10,0.36,2.33,1.17,0
1.33644e+30,1.26606e+10,8.03e+11,0.37,2.17,1.09,0
1.01327e+30,9.59910e+09,4.80e+11,0.37,2.37,1.09,0
1.13332e+30,1.36811e+10,2.05e+12,0.36,1.89,1.11,0
2.34499e+30,1.36811e+10,6.58e+11,0.30,2.79,1.42,0
4.80614e+29,2.20046e+09,5.33e+09,0.30,10.88,1.42,0
2.53491e+29,8.06834e+09,1.93e+12,0.33,2.24,1.40,0
6.91340e+28,2.20046e+09,2.48e+11,0.33,2.57,1.43,0
9.89380e+29,5.77221e+09,1.14e+11,0.30,4.45,1.42,0
1.04020e+30,9.85422e+09,5.04e+11,0.37,2.35,1.09,0
8.06457e+29,1.24055e+10,2.01e+12,0.35,1.92,1.15,0
6.45891e+29,1.26606e+10,2.83e+12,0.32,1.80,1.21,0
1.95143e+30,1.13850e+10,4.49e+11,0.30,3.07,1.42,0
1.80022e+29,4.49659e+09,6.04e+11,0.33,2.07,1.29,0
3.12803e+29,7.81322e+09,1.48e+12,0.33,1.97,1.28,0
8.70678e+29,3.98634e+09,1.95e+10,0.30,7.37,1.42,0
1.78416e+29,1.69021e+09,2.22e+10,0.37,4.08,1.09,0
1.25274e+29,2.45558e+09,1.88e+11,0.33,2.04,1.21,0
9.85380e+29,1.18952e+10,1.62e+12,0.36,1.93,1.11,0
1.03311e+30,6.02734e+09,1.25e+11,0.30,4.34,1.42,0
1.14930e+30,5.26196e+09,3.56e+10,0.30,6.16,1.42,0
9.92427e+28,1.94533e+09,1.30e+11,0.33,2.12,1.22,0
5.47725e+29,1.36811e+10,3.97e+12,0.32,1.94,1.30,0
3.09600e+29,9.85422e+09,2.75e+12,0.33,2.26,1.41,0
4.64626e+29,2.71071e+09,2.59e+10,0.30,6.84,1.42,0
1.07684e+30,6.28246e+09,1.35e+11,0.30,4.25,1.42,0
2.68443e+29,5.26196e+09,6.45e+11,0.33,1.90,1.20,0
8.14955e+29,3.73121e+09,1.69e+10,0.30,7.69,1.42,0
9.48011e+29,7.04784e+09,3.21e+11,0.30,3.02,1.42,0
3.17615e+29,1.01093e+10,2.88e+12,0.33,2.26,1.41,0
4.41582e+29,6.79272e+09,7.41e+11,0.36,1.99,1.15,0
6.68341e+28,2.71071e+09,4.73e+11,0.33,3.05,1.64,0
7.73287e+29,1.18952e+10,1.87e+12,0.35,1.93,1.15,0
9.21978e+29,1.11298e+10,1.44e+12,0.36,1.95,1.11,0
7.17031e+29,6.79272e+09,2.58e+11,0.38,2.64,1.09,0
1.15445e+30,1.39362e+10,2.12e+12,0.36,1.88,1.11,0
2.61734e+29,6.53759e+09,1.10e+12,0.33,1.99,1.28,0
3.53659e+29,8.83372e+09,1.80e+12,0.32,1.93,1.27,0
5.24508e+29,8.06834e+09,9.84e+11,0.35,1.97,1.15,0
2.87953e+29,3.47608e+09,2.10e+11,0.38,2.22,1.12,0
3.42071e+29,5.26196e+09,4.89e+11,0.36,2.04,1.16,0
2.30126e+30,1.34260e+10,6.33e+11,0.30,2.81,1.42,0
5.01585e+29,4.75171e+09,1.36e+11,0.38,2.96,1.09,0
1.22871e+30,1.16401e+10,6.87e+11,0.37,2.23,1.09,0
3.81740e+29,1.21504e+10,4.01e+12,0.33,2.26,1.41,0
7.78817e+28,1.94533e+09,1.58e+11,0.33,2.27,1.30,0
5.55446e+29,5.26196e+09,1.64e+11,0.38,2.87,1.09,0
2.30381e+29,9.34397e+09,3.77e+12,0.33,2.95,1.64,0
4.20793e+29,3.98634e+09,1.03e+11,0.38,3.10,1.10,0
1.33922e+30,7.81322e+09,2.09e+11,0.30,3.77,1.42,0
9.01921e+29,5.26196e+09,9.54e+10,0.30,4.69,1.42,0
2.69522e+29,8.57859e+09,2.14e+12,0.33,2.25,1.40,0
3.63873e+29,9.08884e+09,1.89e+12,0.32,1.92,1.27,0
2.26376e+30,1.03645e+10,1.62e+11,0.30,3.99,1.42,0
3.85582e+29,7.55809e+09,1.19e+12,0.33,1.87,1.21,0
1.08528e+30,8.06834e+09,4.10e+11,0.30,2.87,1.42,0
7.95173e+29,9.59910e+09,1.14e+12,0.36,1.99,1.12,0
1.09105e+30,1.31709e+10,1.92e+12,0.36,1.90,1.11,0
4.24629e+29,8.32347e+09,1.38e+12,0.32,1.85,1.20,0
8.89384e+29,1.36811e+10,2.61e+12,0.36,1.83,1.15,0
9.31806e+28,2.96583e+09,3.93e+11,0.33,2.47,1.42,0
1.37219e+30,6.28246e+09,5.25e+10,0.30,5.49,1.42,0
6.32875e+29,1.24055e+10,2.73e+12,0.32,1.80,1.21,0
1.59633e+29,2.45558e+09,1.39e+11,0.36,2.22,1.17,0
4.89706e+29,9.59910e+09,1.76e+12,0.32,1.83,1.20,0
4.35371e+29,1.08747e+10,2.63e+12,0.32,1.93,1.29,0
2.74413e+29,1.11298e+10,6.33e+12,0.33,3.26,1.77,0
1.18880e+29,1.43508e+09,4.82e+10,0.37,2.42,1.12,0
9.83097e+28,2.45558e+09,2.31e+11,0.33,2.22,1.30,0
6.84937e+29,1.34260e+10,3.13e+12,0.32,1.79,1.21,0
1.16621e+29,6.02734e+09,3.17e+12,0.33,4.12,2.12,0
6.11184e+28,1.94533e+09,2.03e+11,0.33,2.61,1.43,0
2.48666e+30,1.13850e+10,2.02e+11,0.30,3.76,1.42,0
3.09961e+30,1.41914e+10,3.41e+11,0.30,3.28,1.42,0
8.45060e+29,6.28246e+09,2.61e+11,0.30,3.16,1.42,0
1.64532e+30,9.59910e+09,3.16e+11,0.30,3.37,1.42,0
2.03366e+29,3.98634e+09,4.17e+11,0.33,1.95,1.22,0
8.62273e+28,1.69021e+09,1.03e+11,0.34,2.15,1.22,0
1.49709e+30,1.11298e+10,7.39e+11,0.30,2.53,1.42,0
4.76690e+29,9.34397e+09,1.68e+12,0.32,1.83,1.20,0
5.93829e+29,1.16401e+10,2.44e+12,0.32,1.81,1.20,0
9.13694e+29,6.79272e+09,3.00e+11,0.30,3.06,1.42,0
4.33254e+29,3.22096e+09,7.85e+10,0.30,4.12,1.42,0
7.71495e+28,2.45558e+09,2.90e+11,0.33,2.52,1.42,0
5.80814e+29,1.13850e+10,2.36e+12,0.32,1.81,1.20,0
8.79709e+29,1.06196e+10,1.33e+12,0.36,1.96,1.11,0
2.98817e+30,1.36811e+10,3.12e+11,0.30,3.35,1.42,0
4.86441e+29,1.21504e+10,3.19e+12,0.32,1.93,1.29,0
1.11685e+29,5.77221e+09,2.82e+12,0.33,4.05,2.09,0
7.32118e+28,1.43508e+09,7.85e+10,0.34,2.19,1.22,0
2.45685e+29,2.96583e+09,1.65e+11,0.38,2.25,1.13,0
4.37848e+29,1.39362e+10,5.41e+12,0.33,2.37,1.45,0
2.57721e+29,1.17996e+09,1.25e+09,0.30,16.60,1.42,0
1.42791e+30,6.53759e+09,5.73e+10,0.30,5.36,1.42,0
4.21817e+29,1.34260e+10,4.95e+12,0.33,2.32,1.43,0
1.76218e+29,2.71071e+09,1.62e+11,0.36,2.16,1.16,0
1.92942e+30,8.83372e+09,1.12e+11,0.30,4.42,1.42,0
5.74537e+28,1.43508e+09,9.77e+10,0.34,2.37,1.30,0
2.43093e+30,1.11298e+10,1.91e+11,0.30,3.82,1.42,0
1.49380e+29,3.73121e+09,4.45e+11,0.33,2.11,1.29,0
1.06713e+30,1.01093e+10,5.28e+11,0.37,2.33,1.09,0
3.23017e+29,8.06834e+09,1.56e+12,0.33,1.97,1.28,0
2.41306e+29,6.02734e+09,9.58e+11,0.33,2.01,1.28,0
6.71922e+29,1.31709e+10,3.03e+12,0.32,1.80,1.21,0
1.90236e+29,4.75171e+09,6.62e+11,0.33,2.06,1.29,0
2.43245e+30,1.41914e+10,7.11e+11,0.30,2.73,1.42,0
2.12635e+30,1.24055e+10,5.36e+11,0.30,2.93,1.42,0
1.42317e+29,5.77221e+09,1.54e+12,0.33,2.85,1.61,0
8.23043e+29,1.26606e+10,2.04e+12,0.35,1.91,1.15,0
1.48608e+29,6.02734e+09,1.66e+12,0.33,2.84,1.61,0
4.37644e+29,8.57859e+09,1.45e+12,0.32,1.84,1.20,0
6.58906e+29,1.29157e+10,2.94e+12,0.32,1.80,1.21,0
2.55428e+29,5.00684e+09,5.94e+11,0.33,1.91,1.21,0
1.60159e+30,9.34397e+09,2.99e+11,0.30,3.41,1.42,0
6.04840e+29,4.49659e+09,1.43e+11,0.30,3.60,1.42,0
3.20505e+29,6.28246e+09,8.65e+11,0.33,1.88,1.21,0
9.05546e+29,8.57859e+09,3.92e+11,0.37,2.45,1.09,0
3.08900e+29,4.75171e+09,4.13e+11,0.36,2.05,1.16,0
1.66867e+30,1.24055e+10,9.05e+11,0.30,2.43,1.42,0
9.22554e+29,1.41914e+10,2.78e+12,0.36,1.82,1.15,0
1.47109e+30,1.39362e+10,9.60e+11,0.37,2.10,1.09,0
4.05786e+29,1.29157e+10,4.56e+12,0.33,2.27,1.43,0
3.64620e+29,2.71071e+09,5.75e+10,0.30,4.42,1.42,0
4.29833e+29,1.36811e+10,5.16e+12,0.33,2.32,1.44,0
2.94474e+29,5.77221e+09,7.51e+11,0.33,1.89,1.21,0
4.11613e+29,8.06834e+09,1.31e+12,0.32,1.85,1.20,0
5.67798e+29,1.11298e+10,2.26e+12,0.32,1.81,1.20,0
1.10866e+29,4.49659e+09,1.03e+12,0.33,2.91,1.61,0
1.73336e+29,5.51709e+09,1.03e+12,0.33,2.31,1.40,0
7.40116e+29,1.13850e+10,1.74e+12,0.35,1.93,1.15,0
1.14792e+30,1.08747e+10,6.05e+11,0.37,2.27,1.09,0
1.79166e+28,1.17996e+09,4.43e+11,0.33,6.68,3.13,0
3.70718e+28,1.17996e+09,9.08e+10,0.33,2.72,1.43,0
6.57190e+29,1.01093e+10,1.43e+12,0.35,1.94,1.15,0
1.17485e+30,1.11298e+10,6.32e+11,0.37,2.26,1.09,0
3.33521e+29,6.53759e+09,9.34e+11,0.33,1.89,1.21,0
5.27297e+29,1.31709e+10,3.71e+12,0.32,1.93,1.29,0
4.08412e+29,6.28246e+09,6.51e+11,0.36,1.99,1.15,0
8.51650e+28,2.71071e+09,3.40e+11,0.33,2.50,1.42,0
1.98515e+30,9.08884e+09,1.20e+11,0.30,4.34,1.42,0
2.59810e+30,1.18952e+10,2.24e+11,0.30,3.66,1.42,0
3.94515e+29,9.85422e+09,2.17e+12,0.32,1.91,1.27,0
4.25760e+28,2.20046e+09,5.35e+11,0.33,4.08,2.04,0
3.53828e+28,1.43508e+09,1.76e+11,0.33,3.24,1.65,0
1.82024e+30,1.06196e+10,3.89e+11,0.30,3.19,1.42,0
2.92315e+29,4.49659e+09,3.77e+11,0.36,2.06,1.16,0
5.31029e+28,1.69021e+09,1.62e+11,0.33,2.63,1.42,0
5.36338e+29,2.45558e+09,6.79e+09,0.30,10.12,1.42,0
2.09659e+30,9.59910e+09,1.36e+11,0.30,4.19,1.42,0
3.98937e+29,2.96583e+09,6.77e+10,0.30,4.26,1.42,0
2.55542e+29,1.03645e+10,4.97e+12,0.33,3.07,1.69,0
1.92803e+29,2.96583e+09,1.88e+11,0.36,2.14,1.16,0
1.70299e+30,1.26606e+10,9.41e+11,0.30,2.41,1.42,0
4.74753e+29,7.30297e+09,8.35e+11,0.35,1.98,1.15,0
4.45585e+29,1.11298e+10,2.74e+12,0.32,1.93,1.29,0
1.39413e+30,1.03645e+10,6.48e+11,0.30,2.60,1.42,0
1.58717e+29,1.17996e+09,1.24e+10,0.30,6.32,1.42,0
1.26494e+29,6.53759e+09,4.13e+12,0.33,4.34,2.22,0
9.45650e+29,5.51709e+09,1.05e+11,0.30,4.56,1.42,0
8.78615e+29,8.32347e+09,3.71e+11,0.37,2.48,1.09,0
3.01584e+29,9.59910e+09,2.62e+12,0.33,2.26,1.41,0
3.76397e+28,1.94533e+09,4.34e+11,0.33,4.06,2.03,0
8.51684e+29,8.06834e+09,3.51e+11,0.37,2.50,1.09,0
3.13070e+29,2.96583e+09,6.11e+10,0.38,3.40,1.10,0
7.76426e+29,5.77221e+09,2.24e+11,0.30,3.26,1.42,0
2.81459e+29,5.51709e+09,6.97e+11,0.33,1.90,1.20,0
8.80957e+28,2.20046e+09,1.93e+11,0.33,2.25,1.30,0
1.80594e+30,1.34260e+10,1.05e+12,0.30,2.36,1.42,0
1.51485e+29,1.43508e+09,1.65e+10,0.37,4.31,1.09,0
1.60004e+30,1.18952e+10,8.37e+11,0.30,2.47,1.42,0
3.77167e+29,2.20046e+09,1.71e+10,0.30,7.73,1.42,0
7.70732e+29,4.49659e+09,7.01e+10,0.30,5.12,1.42,0
2.47618e+30,1.44465e+10,7.39e+11,0.30,2.71,1.42,0
7.74039e+29,9.34397e+09,1.09e+12,0.36,2.00,1.12,0
2.09389e+29,3.22096e+09,2.16e+11,0.36,2.12,1.16,0
3.43445e+29,8.57859e+09,1.71e+12,0.32,1.93,1.27,0
2.24550e+29,2.71071e+09,1.42e+11,0.38,2.27,1.13,0
1.84026e+30,1.36811e+10,1.09e+12,0.30,2.34,1.42,0
1.61188e+29,6.53759e+09,1.93e+12,0.33,2.86,1.62,0
1.59508e+30,7.30297e+09,7.33e+10,0.30,4.99,1.42,0
